   53737.832088    1363.4560     473.3721    1357.3103     473.4324    0.4524
   53737.991185     467.4801    1026.1036     450.3114    1026.2545    0.1291
   53766.853972    5801.7686     740.8406    5795.7473     741.0084    0.7129
   53966.139752    8218.3759    1428.6063    8216.5176    1428.8494    0.8908
   53967.130524    5556.5785    1409.1856    5565.5685    1409.4334    0.6472
   53968.072106    8291.1996    1436.9643    8293.2939    1437.2336    0.7878
   53968.164800     936.9099     930.6592     931.5206     930.8112    0.1650
   53968.977293    1817.3505    1201.0397    1821.2262    1201.2186    0.4095
   53969.170740    3480.4578    1109.0715    3481.5725    1109.2403    0.5362
   53969.990296    1375.0408     903.9337    1369.1090     904.1073    0.2040
   53971.983848    7882.8930    1429.2230    7882.7613    1429.4574    0.8490
   53972.962527    9383.0491    1376.5696    9394.9032    1376.7823    0.9017
   53973.038534    7383.5018    1274.5550    7395.9827    1274.7884    0.6304
   53974.062160    1771.9632    1069.8704    1772.1909    1070.0486    0.3487
   53974.991542   10135.3642    1206.2394   10155.5563    1206.4577    0.8503
   53975.964037    6506.7851     961.1688    6527.7717     961.3486    0.7441
   53976.064261   10623.6350    1376.9279   10651.8153    1377.2242    0.8294
   53979.003510    8469.8736    1358.2767    8482.4570    1358.5274    0.7354
   53979.088479    7844.5565    1341.1943    7861.6044    1341.4458    0.6806
   53979.170282   11714.6639    1376.6226   11727.4782    1376.8293    0.9532
   53980.117609    2081.4497     879.8021    2077.0274     879.9645    0.2497
   53980.988993    4828.5548     707.6695    4828.4249     707.8190    0.6947
   53982.939051    -911.4616     838.0734    -924.0221     838.1996    0.2267
   53983.977704    6740.7506    1430.9406    6761.1006    1431.2042    0.6723
   53984.053221    3005.0647    1203.8539    3021.1305    1204.0327    0.4681
   53984.162014    7740.1689    1317.4879    7740.0170    1317.7118    0.7459
   53984.997453    3671.0693    1207.0445    3640.2518    1207.3282    0.3539
   53985.112146    7465.0286    1012.5710    7473.5000    1012.7744    0.7536
   53985.198051   10102.4238    1432.9141   10091.8364    1433.2063    0.7650
   53987.038214    8448.9858    1289.2325    8468.5431    1289.4845    0.8592
   53987.186271    9121.7544    1129.5166    9130.0830    1129.7469    0.8686
   53988.023500    -399.6985    1226.8513    -496.8404    1227.1940    0.0335
   53988.044738   -5467.1616    1461.8638   -5529.8410    1462.2229    0.2867
   53988.115219      28.1159         -nan   -2036.1029     563.5764    0.0739
   53988.983063    1197.6123    1175.6963    1188.5771    1175.9403    0.1465
   53989.051745    2710.2750    1417.3954    2733.0061    1417.6688    0.2982
   53989.155432    6928.1557    1387.8752    6936.7200    1388.0961    0.6884
   53989.919826    3461.2728    1404.6444    3463.7369    1404.9278    0.3706
   53989.992282    4221.0719    1293.4036    4226.4402    1293.6919    0.3851
   53990.109665    9869.1132    1463.8661    9863.7375    1464.2071    0.6984
   53990.197809    7703.7626    1148.5407    7719.8051    1148.7581    0.8690
   53993.023647    8130.9425     978.7405    8125.5654     978.9520    0.8687
   53993.115786    7377.4892    1448.9589    7397.8680    1449.2206    0.7066
   53993.226931    4862.2082    1304.5761    4855.1384    1304.8146    0.5537
   53994.006567    5228.5166    1386.5924    5240.7326    1386.8581    0.5472
   53994.064677    2553.8130     997.4311    2556.2695     997.6069    0.3505
   53994.160335   11720.9673    1407.7398   11701.1921    1407.9908    0.9407
   53995.050078   10267.9887    1397.0580   10276.6507    1397.3177    0.8661
   53999.053427   10217.0004    1425.1338   10190.3779    1425.4999    0.8550
   53999.215378    5916.9301    1392.9073    5929.4936    1393.1708    0.6236
   54001.995773    6743.0684    1372.1516    6745.1433    1372.3856    0.8602
   54002.230231    2835.4445    1407.3454    2848.1592    1407.5346    0.5046
   54002.945239    3040.5921    1126.6747    3044.5859    1126.8813    0.3923
   54003.073871    3188.2489    1359.2103    3194.3266    1359.4159    0.5202
   54003.244549    2028.5550    1207.4625    2049.1416    1207.6331    0.3941
   54006.883741    6015.7969    1443.3057    6010.8995    1443.5499    0.7026
   54007.074329    5892.8793    1439.1748    5901.3655    1439.3948    0.7445
   54007.910431    7932.7432    1339.8068    7929.4530    1340.0266    0.8999
   54008.087064   10643.3187    1384.4485   10650.2882    1384.6451    0.9562
   54008.226836    4318.9733    1309.8400    4314.8360    1310.0808    0.5268
   54008.898088     -74.7314     870.5571     -72.2764     870.7427    0.0088
   54008.945724   10661.2915    1270.1788   10718.8610    1270.3762    0.7385
   54009.155426    9894.6567    1436.6310    9902.0510    1436.9541    0.8139
   54015.007946    2134.2425     975.4927    2134.8250     975.6290    0.4447
   54015.111460    5424.7454    1420.7469    5389.7868    1420.9754    0.6924
   54015.877005   12793.0089    1418.0650   12736.9337    1418.4021    0.8394
   54015.944741   -2790.9500    1434.1466   -2742.9888    1434.3807    0.2704
   54017.073755    7324.5605    1359.9967    7302.4635    1360.2483    0.6940
   54017.177628    2956.3700    1316.1770    2952.9827    1316.4058    0.4243
   54021.916027    8659.0303    1386.1799    8637.0528    1386.5071    0.8035
   54022.086752    3940.8015    1104.1102    3924.8092    1104.3443    0.3930
   54029.056022    8042.1917    1367.7619    8006.9876    1368.0386    0.6803
   54029.884109    8026.1732    1447.9045    8007.8011    1448.2235    0.7547
   54030.059377    1116.3398    1066.8163    1106.3196    1067.0574    0.1351
   54030.873163    5606.7812    1388.4284    5610.9222    1388.6736    0.7230
   54031.077589     757.7953     802.9159     758.2119     803.0547    0.1505
   54032.086225    7415.0657    1089.3879    7386.1426    1089.6456    0.8072
   54043.866322   11547.0723    1424.0115   11480.7502    1424.3495    0.8442
   54044.052175   -1398.7727    1079.4827   -1394.1104    1079.6562    0.3205
   54044.160766   -1701.6159    1061.3343   -1742.6853    1061.5285    0.2851
   54052.823657    5249.8865    1420.6087    5157.2031    1420.9350    0.3937
   54053.143086    6038.2456    1435.7914    5828.3968    1436.2342    0.3822
   54056.018647    1602.2613    1035.3958    1585.4014    1035.5711    0.2824
   54056.986806    8483.9123    1433.5300    8443.8734    1433.7905    0.7974
   54057.070076    2825.7411    1148.6700    2814.8449    1148.8516    0.4474
   54057.839803   10492.4924    1426.0910   10390.9993    1426.3750    0.6311
   54062.025685   10000.3834    1275.4875    9947.8328    1275.7949    0.9150
   54062.816959   10017.6346    1415.5834   10003.2333    1415.8583    0.9103
   54063.030891   10465.6434    1414.0483   10462.1849    1414.3122    0.8108
   54067.920162      65.3814     564.8467      63.5117     564.9244    0.0231
   54068.951911   10271.3708    1423.4314   10234.6451    1423.6414    0.9481
   54069.071971    3631.0702    1213.2658    3620.3278    1213.4471    0.5847
   54069.985316    2615.5177    1212.6898    2559.0807    1212.9362    0.2988
   54070.975053    5394.4315    1157.1512    5365.4982    1157.3432    0.5659
   54071.947659    6394.1258    1294.5038    6322.2079    1294.7314    0.5497
   54072.062691    1787.6039     836.9676    1764.7189     837.0947    0.1986
   54073.024805   -1821.9219     950.0892   -1829.1184     950.2213    0.2623
   54073.995071    3920.9302    1404.5387    3861.3376    1404.7788    0.4781
   54075.936159    8790.1555    1413.6198    8723.4711    1413.9434    0.7730
   54077.016146    3644.8357    1322.0448    3642.4639    1322.2267    0.5353
   54083.926384    7787.6361    1418.6926    7791.2737    1418.8941    0.8570
   54091.008425   12268.9674    1362.1391   12271.0989    1362.3526    0.8903
   54098.870853    6680.6485    1228.6175    6675.9188    1228.8015    0.7396
   54100.015071    3625.2781    1208.9746    3590.4208    1209.1581    0.5330
   54100.861408   13293.5279    1286.2560   13294.9047    1286.5049    0.9358
   54103.964556   14747.6141    1444.6628   14733.1972    1444.8872    0.9687
   54104.874304    7835.1312    1021.9690    7802.1813    1022.1493    0.7184
   54105.920547   15225.8418    1432.1266   15146.6375    1432.3829    0.7911
   54106.868027   10915.0433    1284.5742   10745.0613    1284.8691    0.6059
   54106.962727   12017.2361    1386.4026   11987.3560    1386.6130    0.8083
   54108.964487   10109.1881    1391.7404   10085.1793    1391.9894    0.8442
   54109.870530    5468.1558     679.6124    5476.1022     679.7487    0.5969
   54110.831717   15022.1198    1435.4101   15014.0414    1435.6669    0.9580
   54113.832469    9625.8958    1401.0965    9613.1132    1401.3047    0.8831
   54113.945998    2537.0536    1329.3216    2525.6523    1329.5026    0.5107
   54114.830617   14650.0424    1333.4085   14623.3668    1333.7123    0.9542
   54116.835981   12004.0670    1381.8830   11959.8071    1382.1719    0.9140
   54120.835376     627.6278     936.1217     608.9424     936.2706    0.1570
   54121.877940    9115.5855    1343.0897    9144.0789    1343.3059    0.8419
   54122.832745    7861.8490    1369.0732    7821.5910    1369.3898    0.6110
   54124.835989    5438.8180    1422.1419    5422.8592    1422.3095    0.6736
   54139.849848    9389.6378    1328.3778    9414.7338    1328.6375    0.6696
   54143.859836   12661.7209    1313.6303   12667.6346    1313.8467    0.9057
   54153.864041   11235.4726    1427.1228   11222.5064    1427.3521    0.8599
   54327.069268   10525.0562    1424.7381   10567.5571    1424.9649    0.8576
   54327.176723    2594.1927    1117.4420    2581.7160    1117.6408    0.3805
   54328.172537    8719.9567    1436.2529    8722.9832    1436.5734    0.7012
   54329.014104    6285.0685    1280.7176    6303.8231    1280.9570    0.5856
   54329.160452    7491.6980    1222.1282    7497.9102    1222.3736    0.8805
   54330.109365    1866.6569     961.8457    1871.8821     962.0519    0.5711
   54331.185644   -3038.1452     918.2079   -3054.7579     918.3465    0.8032
   54332.005887    5112.9712    1203.7269    5124.1491    1203.9316    0.7757
   54332.079042    2589.7933     768.3636    2618.1079     768.5054    0.6293
   54332.212436    5578.9612    1443.0961    5604.1893    1443.3414    0.8590
   54333.028561    3564.4169    1384.6461    3566.6142    1384.8515    0.6277
   54333.141334    1783.3875    1089.2143    1801.0456    1089.4894    0.4337
   54333.219809     142.0443     445.3036     155.1387     445.4160    0.1232
   54334.011969    1786.0827    1462.8881    1771.5818    1463.2083    0.3975
   54334.076988     296.5936    1075.6112     295.5263    1075.8901    0.0853
   54334.151855    -494.0257     757.4765    -488.0878     757.6919    0.2224
   54335.030782   -1257.4399     944.3568   -1284.5255     944.5624    0.2607
   54335.093246   -9147.9241    1437.6943   -9192.5024    1437.9877    0.9151
   54335.206386   -6152.6115    1257.2117   -6237.6477    1257.4952    0.6848
   54336.086550   -7689.0862     837.2491   -7791.6015     837.5575    0.7660
   54336.151581  -13140.5312    1415.4818  -13306.7688    1415.9096    0.7599
   54337.991166  -34867.4412    1378.2622  -35021.5948    1378.7064    0.9543
   54338.098563  -35443.8679    1477.7779  -36078.2428    1478.5204    0.8259
   54338.220432  -30027.0376    1425.1856  -30482.4496    1425.7267    0.8096
   54339.081801  -17818.4415    1312.8823  -18024.8684    1313.2129    0.7657
   54339.132267  -11754.6825    1220.1305  -11938.4382    1220.4236    0.5801
   54340.191186   -5044.1257     676.3088   -5119.5542     676.5582    0.7172
   54342.107974   -1431.2138     452.2487   -1434.0830     452.4086    0.5922
   54342.165531    5055.4783     824.2082    2633.3103     824.9398    0.0296
   54344.144538     -77.2429    1310.8365     -63.7727    1311.1366    0.0161
   54358.038062   -4561.0883     657.9401   -4629.8132     658.1744    0.6695
   54358.071695  -11465.2396    1445.8306  -11519.1167    1446.1668    0.7700
   54358.135919   -3834.4974     523.3365   -3884.7747     523.5291    0.7211
   54359.083823   -3916.8180    1107.2309   -3956.0051    1107.5736    0.5199
   54359.138207   -1640.6696     567.5115   -1659.8963     567.6725    0.3965
   54359.919368    -752.8955     923.8679    -744.8672     924.0787    0.2023
   54359.996993   -2095.6434     902.8353   -2114.8545     903.0571    0.3917
   54360.211783   -1187.8568     571.8092   -1209.4045     571.9682    0.3850
   54360.887610   -1765.8791    1432.6770   -1779.8912    1432.9473    0.2847
   54361.160972   -9680.4643     907.6707   -9764.0128     907.9346    0.7449
   54361.216848   -7754.1003    1440.9173   -7847.1785    1441.2602    0.6860
   54361.860825      -0.0000         -nan       0.0000         -nan      -nan
   54361.948813   -5842.4035     709.5654   -5915.3312     709.7838    0.6962
   54362.169117  -14374.8578    1402.8179  -14462.3294    1403.1722    0.8838
   54362.880633   -6606.3215     809.0474   -6680.9417     809.3445    0.7489
   54363.010028   -1526.7585     240.3354   -1572.7178     240.4503    0.4555
   54363.099807  -10996.4361    1299.2181  -11071.6756    1299.5832    0.8283
   54363.233566   -6110.9664    1402.5347   -6145.9362    1402.7850    0.7730
   54363.867530   -3175.8899     474.7827   -3253.1193     474.9792    0.5781
   54363.922113   -6161.5694     974.8734   -6223.1642     975.1672    0.6868
   54364.044786   -5256.8577     623.6089   -5342.1681     623.8646    0.6889
   54364.160226   -1365.4226     252.5624   -1406.0288     252.6748    0.4635
   54368.041842     574.2647    1422.7050     597.7373    1422.9611    0.1458
   54368.096319   -2299.0984    1246.0050   -2303.7190    1246.2166    0.4128
   54368.897419     840.5966     859.9862     843.8607     860.2164    0.2323
   54369.065793     971.3046    1364.9102     973.3028    1365.1321    0.3020
   54369.133857    5659.4364    1385.6688    5221.1729    1385.9732    0.1304
   54369.887826    2496.2083    1155.9212    2504.9147    1156.1746    0.5923
   54370.094450   -1133.0128    1154.0182   -1112.3266    1154.2582    0.2490
   54370.916703   -7876.9720    1377.5717   -7911.5267    1377.9455    0.7328
   54371.027501   -7354.6884    1378.8364   -7466.3336    1379.2501    0.5302
   54371.115939  -13517.7925    1356.7770  -13595.7910    1357.2264    0.8742
   54371.215042   -5156.4606    1368.8755   -5241.0739    1369.2137    0.4760
   54372.076773  -10606.0977     962.5185  -10738.2248     962.8868    0.8010
   54376.069273  -13033.1914    1400.6403  -13069.5750    1401.0050    0.9002
   54376.145977   -5149.5786    1439.4100   -5202.2224    1439.7530    0.5711
   54376.214248   -2357.8335    1086.8591   -2358.6880    1087.0404    0.4697
   54376.890447   -1125.5738     387.4708   -1138.4626     387.5985    0.4848
   54376.996982   -5088.6961    1324.5219   -5091.9545    1324.8366    0.7224
   54377.120904   -2804.7945    1079.1930   -2818.5255    1079.4521    0.5978
   54379.896162    -104.7253    1023.4200    -105.9165    1023.5963    0.0402
   54380.104011   24499.8276    1392.9280   16105.7430    1396.2248    0.1523
   54380.232538   -1461.7934    1408.1477   -1528.5176    1408.4964    0.1720
   54381.884236   23542.7866    1439.4588   15082.1214    1441.5682    0.1086
   54383.006401   -5411.3046    1448.0682   -5435.5066    1448.3110    0.7120
   54383.866921     365.9567    1254.3228     382.1341    1254.5239    0.0952
   54384.040258   -5644.6277    1461.9814   -5625.8332    1462.2261    0.7798
   54386.853808    5811.4446    1236.3974    5821.1456    1236.5625    0.7986
   54388.860451    4442.5074    1230.9937    4443.4769    1231.2814    0.7507
   54389.870875    7563.9896    1441.8343    7572.9876    1442.1177    0.8914
   54391.868050    4243.0793    1393.5325    4234.2432    1393.8088    0.7227
   54392.852392    -323.7366     935.0285    -319.2845     935.2474    0.0789
   54393.857552    2013.3423    1116.7674    2030.6930    1116.9690    0.3761
   54394.054548    -568.7837     813.5922    -569.8495     813.7839    0.1865
   54394.916237    2553.5423    1242.3345    2565.1956    1242.5423    0.6962
   54395.938779   -1424.5925     844.2441   -1418.9509     844.3436    0.4608
   54396.035877    -403.2328     728.0315    -404.2740     728.1282    0.2377
   54396.151227     620.7302    1344.8535     616.7535    1345.0534    0.2730
   54396.851539   -2197.8816     707.7607   -2216.3938     707.9545    0.5234
   54396.993552   -5594.3295    1452.8998   -5630.9057    1453.3157    0.5853
   54397.048353    -720.7464    1316.9491    -737.7274    1317.1802    0.1541
   54397.154204   -4418.9359     755.4417   -4463.1051     755.6642    0.6701
   54397.888667   -1399.3176     781.1514   -1419.4635     781.3455    0.3669
   54398.013865   -5754.6988    1441.5943   -5786.6770    1441.9416    0.6987
   54398.090305    -840.5042     446.3623    -847.3307     446.4871    0.3803
   54398.837015    -641.3477     772.6738    -641.8061     772.8749    0.1876
   54402.023185    -621.5979    1234.7688    -615.7196    1234.9947    0.1266
   54403.034103    1269.0277    1355.9152    1264.3551    1356.1392    0.4422
   54405.005508   -2455.5352    1256.1264   -2459.1564    1256.3880    0.4558
   54405.927183     281.3179    1396.9601     258.9537    1397.2709    0.0378
   54406.907883    -427.5934     349.5626    -429.1175     349.6472    0.2037
   54407.841616    1055.8122     866.7447    1060.3374     866.9180    0.2906
   54408.931783    3570.3450    1407.3901    3620.6770    1407.6074    0.6681
   54409.888016    1517.8794     708.6921    1541.0398     708.8429    0.3374
   54449.848981    7286.8283    1220.1018    7302.7463    1220.3078    0.7102
   54458.951591    5865.8252    1437.1984    5869.2911    1437.4114    0.8648
   54464.980226    7664.3544    1439.7170    7644.3851    1439.9499    0.8505
   54468.853790    8691.4463    1312.8230    8674.9063    1313.0420    0.9000
   54472.924215    4123.3595    1099.5426    4122.4217    1099.7396    0.4961
   54477.876428    3711.1858     670.2881    3721.0167     670.4296    0.6169
   54478.915807    9022.0334    1442.1509    9005.8327    1442.3933    0.8796
   54481.899128    1503.5958     786.0223    1486.0458     786.1449    0.3803
   54721.979146    8605.6371    1270.4368    8599.8470    1270.6551    0.9066
   54722.130799   11371.2210    1420.7468   11340.5376    1421.0130    0.9072
   54722.964461   10553.2377    1430.1141   10517.2662    1430.3824    0.9328
   54723.150340    6601.7012    1438.3854    6576.9344    1438.6288    0.8236
   54728.888316    6593.1662    1402.4081    6581.5924    1402.5865    0.9294
   54729.115002    8205.2560    1383.2274    8175.0080    1383.4879    0.7171
   54729.992063   10742.6417    1275.6125   10708.1536    1275.8675    0.9162
   54730.867771   12334.7666    1385.1011   12315.9136    1385.3367    0.9681
   54731.112905    9908.3831    1144.5335    9897.8249    1144.7644    0.9185
   54731.858816    6729.4000     829.9797    6721.0797     830.1654    0.8041
   54732.056065   14976.4480    1315.7182   14947.5729    1316.0351    0.8848
   54732.117206    2633.1737     394.6685    2641.4999     394.7641    0.5674
   54732.975148   14142.5841    1448.7598   14113.6496    1449.0705    0.8974
   54733.114483   12086.0003    1244.8220   12054.9919    1245.1211    0.8826
   54738.231546    6150.5588    1321.6068    6122.5497    1321.8380    0.6460
   54742.831602   11394.1326    1393.8495   11401.3704    1394.1011    0.9647
   54743.027685     903.0174     997.8905     894.8732     998.0506    0.2128
   54743.828278    2754.6202    1371.7592    2754.0438    1371.9437    0.5345
   54744.034301    8611.7383    1242.9477    8629.9194    1243.1489    0.6543
   54745.971025   14877.8764    1427.4766   14845.6516    1427.7368    0.9652
   54746.109845   13596.3687    1432.4095   13577.6613    1432.6897    0.9423
   54746.969733    8334.5458     791.6372    8326.4306     791.8227    0.7868
   54747.012534   13034.9035    1420.3147   13016.8150    1420.6034    0.9280
   54747.037456   12025.7298    1370.4824   12021.5692    1370.7430    0.9288
   54747.057180   11058.2192    1297.9803   11050.2455    1298.2473    0.9116
   54747.110852    4479.3933     559.3141    4485.9002     559.4323    0.7024
   54747.944900    7733.6894     881.3932    7741.3586     881.5714    0.8506
   54748.155688   10323.2966    1374.0983   10325.0937    1374.3282    0.8470
   54749.990436    6741.0407    1424.3326    6731.6964    1424.5427    0.7661
   54750.054532    8123.9542    1343.0105    8122.1061    1343.2276    0.7638
   54754.866813   13989.0085    1347.5919   13998.1731    1347.8739    0.9267
   54755.022698   11904.9943    1400.4701   11909.9415    1400.7096    0.8118
   54755.110949    5381.3852     716.5734    5381.1371     716.7066    0.7800
   54756.039912     585.5426    1287.1672     588.2404    1287.3354    0.1232
   54756.208894    4229.9701    1381.4809    4194.6428    1381.6649    0.4599
   54759.843448   11318.7930    1419.5152   11325.4004    1419.7976    0.8067
   54760.020326   12739.6759    1437.7577   12727.7020    1438.0828    0.8206
   54760.114982    6072.5474    1265.9803    6086.6843    1266.2068    0.5814
   54760.951581   11856.2738    1449.2430   11838.2144    1449.5175    0.8867
   54761.164093    7686.2582    1324.0878    7697.8419    1324.2902    0.7617
   54764.833260    6088.0468    1275.2334    6102.3416    1275.4234    0.7767
   54766.949102   13455.9606    1435.2985   13436.9069    1435.5216    0.8635
   54776.813932   11198.3391    1275.7734   11215.4827    1275.9873    0.9095
   54777.114146   10902.8664    1435.8066   10879.1047    1436.0120    0.9420
   54777.814296    9924.8894    1078.1327    9930.5174    1078.3449    0.8854
   54778.807330   14813.3947    1365.9776   14839.3737    1366.2154    0.9094
   54779.889474    6741.0621    1225.4116    6770.4389    1225.5641    0.6152
   54780.026488   11666.6052    1436.1293   11667.7572    1436.3733    0.9097
   54781.110710      -0.1063         -nan    1591.5389     363.3183    0.2673
   54781.820937    8912.5134     986.9231    8906.8262     987.1319    0.8641
   54781.993015    8739.6193    1375.4388    8756.6305    1375.6190    0.8506
   54782.109602    4875.1814    1437.1525    4864.8133    1437.3448    0.7300
   54782.878280    9935.4128    1418.3598    9960.1616    1418.5716    0.8743
   54782.961587    4669.8820    1114.5651    4675.2631    1114.7284    0.7069
   54784.972068    5101.9905     640.4278    5111.6049     640.5626    0.6838
   54785.808638   12583.3928    1434.8893   12572.7210    1435.1840    0.8584
   54785.958383    1734.4009    1168.7170    1722.7698    1168.8858    0.4182
   54786.114890    7966.5830    1299.3891    7963.7885    1299.5767    0.7573
   54786.801530   10917.8039    1386.2798   10912.5941    1386.5354    0.8233
   54786.944743   10422.4518    1422.0288   10403.5929    1422.2894    0.8577
   54787.113039   12216.8652    1441.2672   12226.4552    1441.4846    0.9591
   54787.801133   12511.8068    1420.4547   12521.4617    1420.7276    0.9242
   54788.009055    8515.4660    1407.4483    8506.2895    1407.6797    0.7799
   54788.111388   13245.2711    1444.0245   13248.7795    1444.2374    0.9560
   54788.809424   11806.1078    1429.0600   11796.7608    1429.3343    0.9077
   54789.824058    5427.3992    1154.0981    5422.6910    1154.2957    0.5701
   54793.792379   11824.6470    1438.3101   11848.8504    1438.5346    0.9314
   54794.009876    8307.5742    1393.6225    8313.5447    1393.8375    0.8242
   54794.887530   13815.2228    1404.1046   13806.4832    1404.3612    0.9422
   54795.838209    7474.9252     925.5613    7506.2651     925.7025    0.5679
   54798.831529   11577.5511    1316.5552   11554.0719    1316.8192    0.9203
   54799.819477   11723.6089    1433.3121   11723.1367    1433.5260    0.9613
   54800.842969    8056.5145    1324.8758    8018.2920    1325.1142    0.7262
   54801.825306   11862.5305    1291.7916   11856.6897    1292.0164    0.8922
   54802.053558   10126.9149    1437.4704   10112.3835    1437.6966    0.8900
   54802.887122    4484.4123    1375.5864    4331.9292    1375.8742    0.2123
   54804.861224    2287.4013     871.2258    2288.0315     871.3546    0.3539
   54805.824508   10490.0681    1340.2626   10471.0379    1340.5214    0.9046
   54807.819816    8297.1596    1353.6231    8328.3104    1353.8398    0.7398
   54807.944722    9718.1961    1414.0266    9735.3351    1414.2239    0.9383
   54808.803814    2913.1409    1136.6001    2941.9782    1136.7692    0.3825
   54810.818032    2316.1003    1424.2065    1325.9578    1424.7680    0.0260
   54811.814957     361.8757     938.8667     359.6347     938.9946    0.0548
   54811.944625    -200.3611    1040.6358    -194.1028    1040.7819    0.0550
   54813.900954    4988.7705    1172.9138    5010.8489    1173.0868    0.6036
   54814.002216    3822.6169    1121.3407    3839.0090    1121.5023    0.5849
   54816.808573    1593.1284    1229.1791    1623.6172    1229.3283    0.3498
   54816.945915    9366.0601    1442.6988    9367.6184    1442.9404    0.9040
   54817.795868    5331.8789     755.9543    5329.0092     756.1241    0.7257
   54818.793768    9380.1582    1332.2557    9383.3847    1332.4994    0.8460
   54818.918720    4832.4036    1276.5059    4850.8036    1276.6925    0.6052
   54819.939857    -773.7694    1178.0305    -770.4063    1178.1933    0.1500
   54820.870647    6331.2190    1312.2663    6343.8768    1312.4795    0.6381
   54820.928430    8583.6205    1439.4748    8586.7547    1439.6982    0.7600
   54821.811562   11400.6446    1410.1005   11386.2611    1410.3538    0.8751
   54822.020296    5955.0483    1244.7068    5958.2682    1244.9025    0.6657
   54822.801048    7117.8176    1370.8439    7115.4154    1371.1034    0.6898
   54828.796834    9992.5059    1428.2030   10031.6010    1428.4401    0.7154
   54833.799382   11004.9336    1432.6819   11024.5030    1432.9713    0.7928
   54833.898684    9327.9466    1248.3962    9332.8100    1248.6152    0.8786
   54834.864915    9939.7205    1298.0055    9955.4723    1298.2245    0.9130
   54835.932008   10929.0640    1392.3358   10930.7265    1392.5908    0.9147
   54841.808627   10076.1792    1351.9791   10064.9667    1352.1948    0.9388
   54844.878420    4171.9400     652.4951    4163.7823     652.6304    0.6402
   54845.807404    9644.0611    1262.5797    9613.7500    1262.8800    0.8582
   54850.813522    9973.4908    1416.6729    9957.3463    1416.9379    0.9026
   54851.829471    6290.7289    1413.9432    6287.3808    1414.1393    0.8286
   54852.906484   10828.5462    1303.3648   10792.2048    1303.6325    0.9099
   54854.885684    1401.2851     396.3447    1399.5250     396.4224    0.4092
   54857.888094    6738.8805     858.2994    6712.1949     858.4918    0.7570
   54858.811510    7076.4699     914.3258    7041.1200     914.5514    0.7781
   54859.832322    1310.4738     241.5487    1305.8917     241.6067    0.4775
