2452125.67487 18.703 0.087 6.06 1173.0
2452129.72762 18.689 0.046 3.98 781.0
2452132.67057 18.585 0.045 4.24 732.0
2452136.57402 18.651 0.066 6.18 666.0
2452141.58621 18.607 0.047 4.47 700.0
2452144.67284 18.722 0.052 4.35 615.0
2452160.62853 18.643 0.074 6.30 898.0
2452170.56941 18.589 0.046 4.72 776.0
2452178.58019 18.608 0.113 6.91 1906.0
2452188.52934 18.610 0.084 7.16 764.0
2452211.53382 18.578 0.089 6.47 1372.0
2452333.87013 18.512 0.047 4.38 1028.0
2452344.83146 18.596 0.054 4.89 828.0
2452355.88227 18.651 0.046 4.36 642.0
2452364.87390 18.606 0.053 4.78 845.0
2452372.88569 18.651 0.045 4.21 739.0
2452384.82062 18.623 0.041 3.67 714.0
2452388.81978 18.596 0.044 4.00 736.0
2452390.85775 18.748 0.062 4.59 991.0
2452393.85195 18.620 0.111 4.58 4335.0
2452400.79919 18.651 0.044 3.87 699.0
2452402.90590 18.634 0.050 3.97 955.0
2452406.84870 18.669 0.050 4.44 722.0
2452414.87136 18.570 0.046 4.82 678.0
2452416.88694 18.670 0.057 4.73 869.0
2452424.74557 18.566 0.051 4.13 1020.0
2452428.73079 18.660 0.050 4.72 686.0
2452432.88232 18.562 0.074 6.15 1082.0
2452434.77032 18.606 0.044 3.94 760.0
2452436.81825 18.662 0.051 4.29 806.0
2452438.79194 18.612 0.050 4.79 697.0
2452441.75426 18.618 0.048 4.51 732.0
2452445.67150 18.573 0.044 4.39 624.0
2452448.69113 18.586 0.052 3.56 1467.0
2452454.78171 19.530 0.161 3.70 2700.0
2452459.68274 18.757 0.044 4.31 489.0
2452460.70080 18.607 0.053 5.32 645.0
2452463.58203 18.615 0.037 3.36 666.0
2452466.60184 18.592 0.040 3.84 577.0
2452468.72811 18.615 0.037 3.37 600.0
2452470.71188 18.580 0.038 3.78 569.0
2452472.73932 18.566 0.043 4.53 592.0
2452481.59864 18.594 0.061 5.51 751.0
2452484.66194 18.687 0.054 5.13 606.0
2452486.75466 18.783 0.097 7.40 841.0
2452490.73786 18.664 0.086 7.66 723.0
2452493.68254 18.554 0.059 5.31 834.0
2452496.52854 18.659 0.040 3.79 626.0
2452498.54920 18.628 0.034 3.04 602.0
2452500.59261 18.617 0.045 3.80 751.0
2452502.60623 18.583 0.047 4.47 760.0
2452508.70444 18.577 0.076 5.92 1231.0
2452512.65394 18.582 0.058 4.27 1297.0
2452517.55534 18.722 0.074 6.31 695.0
2452520.62280 18.596 0.045 4.24 621.0
2452529.48867 18.653 0.060 4.71 951.0
2452538.54028 18.541 0.058 5.03 925.0
2452542.56809 18.677 0.049 4.07 829.0
2452548.49662 18.584 0.066 5.62 819.0
2452552.53292 18.583 0.052 4.72 892.0
2452557.49807 18.530 0.048 4.22 786.0
2452564.51948 18.645 0.067 4.59 1222.0
2452708.84713 18.570 0.037 3.57 606.0
2452719.85280 18.523 0.049 4.10 1018.0
2452729.87488 18.642 0.056 5.11 721.0
2452734.81385 18.546 0.036 3.46 769.0
2452747.73877 18.738 0.102 6.70 1246.0
2452753.92379 18.641 0.067 5.98 929.0
2452757.84961 18.744 0.061 5.10 922.0
2452761.89839 18.580 0.046 4.59 833.0
2452767.84536 18.675 0.067 6.13 900.0
2452775.76223 18.573 0.071 5.70 1482.0
2452782.68358 18.754 0.092 7.50 690.0
2452784.60621 18.696 0.046 3.84 728.0
2452786.82421 18.761 0.060 4.81 886.0
2452788.63612 18.645 0.046 3.84 854.0
2452790.74053 18.560 0.041 4.45 612.0
2452793.65434 18.716 0.065 6.31 589.0
2452795.62814 18.592 0.039 4.51 630.0
2452797.64004 18.643 0.037 3.25 657.0
2452802.73244 18.622 0.073 6.18 962.0
2452809.75499 18.631 0.055 4.87 824.0
2452811.68212 18.605 0.065 6.49 676.0
2452812.81147 18.622 0.052 4.69 765.0
2452813.85521 18.608 0.047 4.07 780.0
2452815.83589 18.564 0.042 3.79 807.0
2452816.85684 18.591 0.054 4.49 940.0
2452818.62251 18.628 0.042 4.29 580.0
2452819.79084 18.609 0.050 4.36 854.0
2452821.68889 18.549 0.044 3.92 740.0
2452826.79530 18.723 0.074 6.62 643.0
2452835.67431 18.669 0.059 4.61 975.0
2452840.73511 18.652 0.056 4.65 847.0
2452843.68641 18.732 0.051 4.74 745.0
2452845.68375 18.694 0.052 4.87 644.0
2452846.50538 18.752 0.101 7.85 836.0
2452850.57262 18.680 0.046 4.14 798.0
2452852.58038 18.682 0.087 7.38 798.0
2452854.58479 18.650 0.051 4.87 652.0
2452857.49508 18.685 0.057 5.11 839.0
2452858.70741 18.719 0.071 3.89 1917.0
2452859.56791 18.621 0.080 4.36 2631.0
2452862.65448 18.785 0.079 5.35 973.0
2452866.60398 18.573 0.055 5.18 828.0
2452868.70583 18.545 0.046 4.22 846.0
2452871.62410 18.658 0.046 3.95 753.0
2452877.52602 18.652 0.056 5.16 681.0
2452883.62067 18.635 0.051 5.06 629.0
2452892.54699 18.528 0.054 5.12 847.0
2452895.61257 18.597 0.044 3.98 798.0
2452900.62424 18.547 0.057 5.12 782.0
2452905.62340 18.569 0.061 5.80 846.0
2452909.63272 18.685 0.057 5.07 738.0
2452920.54763 18.635 0.087 6.36 1187.0
2452931.54445 18.575 0.044 3.62 804.0
2453052.85445 18.553 0.040 3.82 789.0
2453059.82741 18.667 0.047 4.15 744.0
2453064.84429 18.605 0.066 5.76 924.0
2453068.79809 18.668 0.065 5.25 977.0
2453070.87673 18.492 0.041 3.83 790.0
2453073.83283 18.505 0.039 3.75 880.0
2453075.87093 18.567 0.049 4.46 836.0
2453080.77516 18.634 0.045 3.86 822.0
2453082.90296 18.681 0.049 5.10 575.0
2453085.83342 18.629 0.040 4.25 537.0
2453086.90684 18.569 0.041 4.97 636.0
2453088.82601 18.647 0.037 3.96 549.0
2453090.73910 18.633 0.039 3.96 619.0
2453096.89429 18.677 0.064 7.08 628.0
2453098.92140 18.660 0.050 4.74 913.0
2453100.90819 18.641 0.045 4.96 670.0
2453101.76622 18.714 0.058 4.61 908.0
2453103.79917 18.641 0.045 3.55 874.0
2453106.87112 18.582 0.061 3.93 1781.0
2453108.79164 18.569 0.034 3.40 643.0
2453109.85056 18.636 0.041 4.67 620.0
2453110.85693 18.538 0.042 5.00 711.0
2453112.84223 18.677 0.043 5.15 483.0
2453114.80685 18.496 0.034 3.96 585.0
2453116.89493 18.664 0.049 4.78 614.0
2453122.93284 18.670 0.083 6.20 1148.0
2453125.89734 18.618 0.059 6.19 665.0
2453127.84155 18.668 0.064 5.31 887.0
2453128.84347 18.615 0.052 4.66 905.0
2453130.72393 18.672 0.053 3.87 1070.0
2453131.69041 18.738 0.068 4.35 1223.0
2453135.92203 18.802 0.059 5.16 706.0
2453135.93375 18.572 0.050 5.01 784.0
2453138.67632 18.647 0.048 4.37 636.0
2453139.90151 18.605 0.045 4.71 680.0
2453140.90573 18.732 0.055 5.11 619.0
2453142.79013 18.626 0.042 4.46 642.0
2453144.81013 18.623 0.040 4.73 551.0
2453146.84343 18.644 0.047 5.21 530.0
2453151.77302 18.522 0.050 6.17 536.0
2453151.93073 18.570 0.059 5.71 765.0
2453152.77862 18.662 0.046 4.44 608.0
2453153.78130 18.572 0.048 5.53 615.0
2453156.88634 18.445 0.049 5.30 810.0
2453162.59619 18.575 0.053 4.46 953.0
2453163.77714 18.591 0.046 4.53 727.0
2453164.75939 18.645 0.046 4.81 607.0
2453164.89239 18.749 0.063 5.10 754.0
2453165.73298 18.572 0.036 4.36 661.0
2453167.61934 18.735 0.074 7.02 607.0
2453168.88112 18.572 0.045 4.25 789.0
2453169.74926 18.625 0.046 4.38 561.0
2453170.83411 18.565 0.035 3.59 576.0
2453171.80536 18.674 0.037 3.46 654.0
2453172.77632 18.600 0.043 4.87 568.0
2453173.87431 18.594 0.055 5.67 703.0
2453175.74188 18.595 0.040 4.23 617.0
2453177.78234 18.732 0.074 7.71 665.0
2453179.52706 18.671 0.043 4.07 669.0
2453179.90633 18.723 0.060 4.96 822.0
2453180.74807 18.641 0.038 4.31 475.0
2453182.80874 18.684 0.052 5.23 604.0
2453183.76370 18.652 0.052 5.44 535.0
2453184.72480 18.658 0.040 4.44 556.0
2453185.72827 18.539 0.043 4.37 722.0
2453193.55969 18.671 0.044 4.16 611.0
2453194.57131 18.648 0.061 5.08 958.0
2453195.70287 18.586 0.037 4.21 543.0
2453195.82343 18.532 0.040 4.03 661.0
2453196.62432 18.661 0.044 4.00 725.0
2453197.54903 18.574 0.041 4.40 619.0
2453197.85248 18.558 0.068 5.98 1030.0
2453199.64689 18.544 0.034 4.57 411.0
2453202.54051 18.614 0.044 4.94 559.0
2453203.68559 18.736 0.040 3.82 461.0
2453204.67654 18.604 0.039 4.36 427.0
2453205.53538 18.663 0.037 4.17 483.0
2453206.74075 18.563 0.041 4.73 532.0
2453209.66071 18.717 0.047 5.02 495.0
2453210.66076 18.580 0.037 3.64 590.0
2453211.63122 18.683 0.045 5.32 457.0
2453217.67541 18.547 0.047 4.20 952.0
2453218.67372 18.797 0.069 4.98 963.0
2453219.63754 18.591 0.057 5.67 681.0
2453223.67491 18.574 0.060 6.31 617.0
2453224.72298 18.617 0.047 4.29 732.0
2453226.64595 18.583 0.059 6.96 442.0
2453228.62420 18.662 0.041 4.67 467.0
2453229.65669 18.526 0.037 4.38 467.0
2453230.69016 18.696 0.051 4.98 527.0
2453231.59417 18.564 0.042 4.77 588.0
2453232.63064 18.757 0.075 7.49 482.0
2453238.64245 18.695 0.064 6.20 564.0
2453240.49463 18.722 0.049 4.22 695.0
2453241.67729 18.533 0.063 4.96 1373.0
2453245.59041 18.612 0.059 5.31 857.0
2453246.68416 18.702 0.071 5.95 852.0
2453247.60332 18.841 0.075 5.74 748.0
2453249.55081 18.631 0.054 5.39 628.0
2453250.68180 18.758 0.071 5.20 999.0
2453256.66106 18.725 0.065 5.80 646.0
2453260.57080 18.554 0.045 4.89 568.0
2453265.50123 18.779 0.072 6.28 667.0
2453267.55489 18.641 0.053 5.21 809.0
2453272.61283 18.752 0.062 5.46 757.0
2453275.50691 18.555 0.092 5.78 2148.0
2453279.54377 18.649 0.054 5.14 697.0
2453282.50221 18.688 0.051 4.38 667.0
2453288.56860 18.821 0.057 5.22 482.0
2453293.53922 18.727 0.037 5.22 273.0
2453295.54773 18.751 0.027 4.22 206.0
2453300.53302 18.692 0.066 4.83 1049.0
2453315.50001 18.733 0.120 7.09 1509.0
2453410.89047 18.749 0.088 4.74 1818.0
2453417.86836 18.614 0.034 3.58 514.0
2453422.89470 18.730 0.051 4.21 729.0
2453426.88583 18.544 0.041 3.77 695.0
2453429.87083 18.702 0.048 3.84 747.0
2453436.82891 18.634 0.074 7.12 614.0
2453442.91365 18.681 0.057 4.66 1066.0
2453445.82668 18.688 0.038 3.66 521.0
2453447.87700 18.639 0.040 3.72 588.0
2453449.89395 18.578 0.039 4.49 531.0
2453452.91109 18.530 0.041 4.29 627.0
2453453.78292 18.660 0.061 4.48 1030.0
2453455.85355 18.669 0.064 5.44 889.0
2453456.86460 18.621 0.039 3.61 746.0
2453457.78230 18.639 0.050 4.51 773.0
2453458.82588 18.667 0.046 3.99 778.0
2453458.86367 18.553 0.042 4.15 797.0
2453459.80045 18.708 0.048 3.85 865.0
2453467.90322 18.661 0.041 4.30 476.0
2453469.81286 18.535 0.032 3.44 517.0
2453470.85304 18.622 0.033 3.27 503.0
2453472.78424 18.568 0.034 3.60 548.0
2453473.87926 18.747 0.057 5.43 549.0
2453474.85166 18.573 0.039 4.41 514.0
2453475.91547 18.562 0.032 3.39 546.0
2453477.78822 18.627 0.043 4.12 545.0
2453478.90247 18.897 0.056 4.69 627.0
2453480.85445 18.669 0.049 5.17 502.0
2453481.85848 18.630 0.034 3.55 563.0
2453483.79875 18.807 0.047 3.50 689.0
2453496.75262 18.709 0.047 4.17 721.0
2453497.82039 18.693 0.052 5.16 643.0
2453499.74904 18.466 0.036 4.41 548.0
2453500.75362 18.584 0.041 3.93 590.0
2453501.86716 18.866 0.054 4.27 747.0
2453502.69991 18.573 0.034 3.12 612.0
2453503.71277 18.721 0.043 4.05 537.0
2453504.72714 18.512 0.042 5.45 479.0
2453506.81744 18.704 0.052 5.45 559.0
2453508.80929 18.582 0.047 5.09 606.0
2453509.71237 18.527 0.036 4.28 528.0
2453511.69907 18.856 0.062 5.02 649.0
2453512.76804 18.642 0.052 4.45 876.0
2453517.80849 18.680 0.049 4.36 867.0
2453520.84365 18.635 0.046 4.50 685.0
2453521.66282 18.611 0.037 3.91 478.0
2453522.77304 18.695 0.047 4.49 535.0
2453523.80775 18.688 0.041 4.01 575.0
2453524.79538 18.624 0.049 4.64 739.0
2453525.77508 18.596 0.037 4.07 501.0
2453526.86044 18.616 0.048 4.84 600.0
2453528.57901 18.660 0.046 3.97 715.0
2453530.80446 18.562 0.034 3.72 536.0
2453537.77226 18.576 0.041 5.07 516.0
2453538.70172 18.602 0.040 4.20 727.0
2453540.67567 18.567 0.038 3.62 698.0
2453544.75568 18.621 0.053 4.12 1200.0
2453546.87664 18.623 0.063 5.33 866.0
2453547.83406 18.492 0.055 5.59 776.0
2453550.66052 18.545 0.037 3.82 693.0
2453551.66481 18.590 0.029 3.48 605.0
2453552.69733 18.569 0.035 4.04 490.0
2453553.70002 18.577 0.055 5.85 594.0
2453554.69214 18.564 0.050 5.67 536.0
2453555.72629 18.658 0.049 5.38 540.0
2453556.74697 18.624 0.048 5.25 513.0
2453558.58277 18.619 0.044 4.52 594.0
2453558.86009 18.791 0.062 5.36 680.0
2453559.67864 18.587 0.041 4.51 493.0
2453560.63176 18.484 0.032 3.75 530.0
2453561.57208 18.600 0.041 3.70 667.0
2453561.83917 18.681 0.047 4.33 659.0
2453562.61624 18.616 0.045 4.55 541.0
2453562.83906 18.765 0.056 4.42 721.0
2453563.66566 18.599 0.038 4.13 486.0
2453564.55922 18.832 0.063 5.53 579.0
2453569.61795 18.575 0.077 5.28 1557.0
2453573.68656 18.684 0.056 5.02 812.0
2453573.71353 18.700 0.056 4.58 875.0
2453574.71453 18.547 0.044 4.29 757.0
2453575.65340 18.513 0.035 3.96 603.0
2453575.79856 18.603 0.051 4.55 901.0
2453576.71583 18.686 0.057 5.53 641.0
2453577.76417 18.580 0.043 4.74 523.0
2453578.70081 18.643 0.039 4.26 472.0
2453579.64613 18.685 0.045 4.71 486.0
2453580.68267 18.538 0.042 5.01 507.0
2453581.69903 18.594 0.042 4.70 470.0
2453582.62484 18.670 0.046 5.03 442.0
2453583.66144 18.642 0.042 4.63 489.0
2453584.67020 18.788 0.054 5.25 491.0
2453585.66823 18.653 0.034 3.76 405.0
2453586.69964 18.578 0.035 3.69 516.0
2453588.75071 18.731 0.052 5.03 567.0
2453589.71203 18.559 0.039 4.34 529.0
2453590.70814 18.559 0.043 4.60 586.0
2453592.68089 18.605 0.036 3.81 506.0
2453597.66957 18.770 0.075 4.39 1601.0
2453601.68446 18.507 0.044 4.00 960.0
2453602.68462 18.757 0.063 4.55 1042.0
2453603.66477 18.583 0.043 4.19 665.0
2453607.66325 18.752 0.050 4.76 516.0
2453608.67925 18.780 0.051 4.48 567.0
2453615.60650 18.640 0.042 4.70 509.0
2453618.61005 18.675 0.047 4.12 683.0
2453620.57326 18.511 0.035 3.94 531.0
2453628.57527 18.506 0.052 4.92 1026.0
2453630.58933 18.689 0.060 4.59 938.0
2453634.52021 18.515 0.036 4.24 576.0
2453639.52601 18.673 0.040 3.72 645.0
2453641.57274 18.627 0.059 4.92 824.0
2453644.53755 18.680 0.045 4.08 663.0
2453649.51816 18.680 0.047 4.55 632.0
2453651.57903 18.661 0.067 5.37 952.0
2453654.56411 18.628 0.082 4.58 1962.0
2453655.54423 18.681 0.052 3.97 885.0
2453657.53740 18.656 0.070 5.36 970.0
2453659.53917 18.736 0.080 5.76 994.0
2453662.54369 18.651 0.081 6.28 1111.0
2453672.51159 18.559 0.070 6.22 923.0
2453777.84895 18.693 0.060 4.85 931.0
2453782.88492 18.607 0.040 3.81 755.0
2453785.84661 18.563 0.041 3.77 790.0
2453787.86173 18.609 0.041 3.54 833.0
2453791.83609 18.603 0.053 5.09 764.0
2453793.88033 18.563 0.039 3.82 704.0
2453795.86453 18.428 0.051 5.52 780.0
2453796.89703 18.724 0.046 4.59 557.0
2453798.82786 18.673 0.040 3.70 623.0
2453799.87775 18.606 0.049 4.66 763.0
2453801.83701 18.665 0.044 3.99 643.0
2453802.87138 18.577 0.039 3.92 599.0
2453804.78463 18.641 0.051 5.26 589.0
2453805.82316 18.606 0.041 4.15 615.0
2453806.81986 18.730 0.048 4.53 645.0
2453807.84408 18.790 0.055 4.48 775.0
2453808.84776 18.602 0.045 4.39 768.0
2453809.90463 18.648 0.041 3.74 840.0
2453810.90068 18.677 0.046 4.04 837.0
2453811.79122 18.647 0.055 4.95 729.0
2453812.86872 18.531 0.045 4.51 732.0
2453813.84845 18.626 0.040 3.87 711.0
2453814.84733 18.539 0.037 3.77 698.0
2453818.76496 18.611 0.042 3.90 757.0
2453819.82867 18.636 0.032 3.53 483.0
2453820.79264 18.691 0.034 3.38 497.0
2453821.79586 18.675 0.038 3.75 515.0
2453822.83949 18.699 0.041 4.00 551.0
2453823.80044 18.606 0.034 3.63 521.0
2453824.78694 18.680 0.053 5.20 621.0
2453825.82651 18.628 0.044 4.63 577.0
2453826.78622 18.647 0.040 4.19 534.0
2453827.82670 18.608 0.033 3.85 448.0
2453828.80676 18.648 0.046 4.72 533.0
2453829.72541 18.725 0.055 5.39 580.0
2453830.76033 18.672 0.042 3.94 628.0
2453832.76643 18.553 0.035 4.03 505.0
2453833.79373 18.603 0.033 3.54 507.0
2453834.76561 18.620 0.036 3.63 578.0
2453835.75433 18.706 0.045 4.23 605.0
2453835.92491 18.521 0.043 4.34 1006.0
2453836.71577 18.644 0.056 5.19 806.0
2453837.75646 18.541 0.039 3.83 679.0
2453838.76440 18.782 0.059 4.84 748.0
2453838.88186 18.569 0.042 4.39 699.0
2453839.76031 18.697 0.047 3.93 837.0
2453840.76345 18.642 0.048 4.31 812.0
2453840.93118 18.707 0.064 4.27 1666.0
2453841.71869 18.606 0.050 4.51 839.0
2453841.86865 18.545 0.038 3.60 926.0
2453842.71026 18.580 0.083 3.96 3413.0
2453845.93379 18.545 0.096 6.11 1960.0
2453846.75107 18.659 0.039 3.73 553.0
2453846.87975 18.704 0.040 3.75 620.0
2453847.82409 18.736 0.058 5.30 617.0
2453848.77417 18.511 0.037 4.51 507.0
2453848.89288 18.682 0.061 5.65 632.0
2453849.77164 18.566 0.037 3.82 545.0
2453850.71623 18.557 0.040 4.15 566.0
2453850.88974 18.633 0.048 4.82 660.0
2453851.73047 18.573 0.039 4.43 523.0
2453851.89523 18.666 0.047 4.94 573.0
2453852.71901 18.610 0.039 4.10 556.0
2453852.83987 18.579 0.041 4.66 562.0
2453852.92452 18.485 0.044 5.31 627.0
2453853.71098 18.653 0.032 3.27 480.0
2453853.87590 18.663 0.034 3.65 522.0
2453856.69761 18.835 0.053 4.01 713.0
2453856.88803 18.605 0.039 4.07 644.0
2453858.73096 18.810 0.047 4.61 507.0
2453859.85182 18.595 0.041 4.35 618.0
2453860.69225 18.598 0.046 5.09 582.0
2453861.68964 18.727 0.048 4.24 625.0
2453861.79378 18.616 0.036 3.77 524.0
2453861.89153 18.762 0.043 4.36 623.0
2453862.67150 18.661 0.046 4.35 675.0
2453862.88626 18.482 0.034 3.92 756.0
2453863.68434 18.652 0.045 4.41 646.0
2453863.82816 18.629 0.036 3.77 535.0
2453863.90427 18.627 0.036 3.76 564.0
2453864.70119 18.614 0.038 3.69 619.0
2453864.88732 18.645 0.035 3.82 528.0
2453865.66106 18.553 0.041 3.94 762.0
2453865.79672 18.816 0.050 4.36 611.0
2453865.87525 18.650 0.041 4.63 573.0
2453866.70658 18.620 0.037 3.35 625.0
2453866.84609 18.608 0.042 4.43 581.0
2453866.93214 18.642 0.038 3.27 713.0
2453867.65251 18.541 0.048 4.11 1090.0
2453867.83737 18.546 0.043 4.08 815.0
2453867.90820 18.625 0.043 3.68 892.0
2453868.65984 18.602 0.055 4.30 1132.0
2453868.79985 18.524 0.042 3.81 874.0
2453868.88409 18.677 0.055 4.55 935.0
2453869.62655 18.622 0.055 3.84 1388.0
2453869.82137 18.643 0.055 4.19 1221.0
2453869.89382 18.689 0.055 4.05 1230.0
2453873.69218 18.643 0.043 4.05 591.0
2453873.83239 18.664 0.043 4.66 612.0
2453873.90346 18.722 0.047 4.44 680.0
2453874.69513 18.704 0.053 5.34 497.0
2453874.86368 18.444 0.038 4.69 652.0
2453875.63183 18.470 0.033 4.02 489.0
2453875.77911 18.604 0.033 3.43 550.0
2453875.85679 18.573 0.037 4.57 594.0
2453876.65521 18.594 0.036 3.88 503.0
2453877.65972 18.559 0.032 3.56 471.0
2453877.80791 18.683 0.040 4.46 514.0
2453877.88171 18.490 0.039 4.67 664.0
2453880.64424 18.602 0.038 4.38 504.0
2453880.86322 18.608 0.040 4.61 638.0
2453880.93681 18.543 0.048 4.96 878.0
2453881.68350 18.560 0.037 4.04 596.0
2453881.82629 18.582 0.036 4.02 647.0
2453882.59562 18.685 0.049 4.65 608.0
2453882.79852 18.572 0.037 4.24 585.0
2453882.86871 18.572 0.036 3.98 609.0
2453883.66100 18.632 0.037 3.82 527.0
2453883.88829 18.622 0.036 3.71 574.0
2453886.62626 18.661 0.044 4.48 605.0
2453886.81579 18.600 0.032 3.96 475.0
2453886.88781 18.590 0.041 4.52 575.0
2453886.91386 18.681 0.045 4.62 567.0
2453887.59632 18.596 0.038 4.05 600.0
2453887.79897 18.651 0.041 4.68 543.0
2453887.82677 18.666 0.044 4.92 571.0
2453887.89886 18.661 0.050 4.72 720.0
2453889.67880 18.588 0.032 3.61 498.0
2453890.56705 18.650 0.061 5.55 797.0
2453891.70334 18.623 0.040 4.45 534.0
2453891.82035 18.705 0.040 4.10 589.0
2453891.90202 18.532 0.036 4.12 597.0
2453892.61376 18.605 0.054 4.97 844.0
2453893.64517 18.630 0.041 4.36 573.0
2453893.89289 18.637 0.056 5.52 697.0
2453894.69583 18.654 0.049 5.33 501.0
2453896.63956 18.580 0.054 5.10 858.0
2453900.74127 18.683 0.045 3.83 783.0
2453900.81667 18.748 0.051 3.86 868.0
2453901.56872 18.731 0.058 5.10 669.0
2453901.74353 18.673 0.058 5.91 589.0
2453901.82032 18.647 0.055 5.19 770.0
2453901.89276 18.749 0.067 4.23 1365.0
2453902.58963 18.657 0.044 4.29 622.0
2453902.76702 18.631 0.043 4.48 644.0
2453902.89343 18.715 0.063 5.32 856.0
2453903.67852 18.610 0.046 4.72 624.0
2453904.57268 18.629 0.034 3.57 527.0
2453904.73592 18.635 0.039 3.89 613.0
2453904.80491 18.670 0.038 3.74 543.0
2453904.85776 18.537 0.039 3.88 654.0
2453905.56959 18.536 0.033 3.42 543.0
2453905.74357 18.637 0.033 3.56 534.0
2453905.81620 18.543 0.029 3.02 555.0
2453905.88476 18.658 0.042 3.55 813.0
2453906.50824 18.632 0.071 5.95 894.0
2453906.67808 18.558 0.039 4.05 599.0
2453906.74751 18.661 0.041 4.50 534.0
2453906.82364 18.548 0.047 4.83 583.0
2453907.61470 18.739 0.045 4.38 518.0
2453907.80953 18.788 0.072 6.14 666.0
2453907.88215 18.535 0.055 5.67 753.0
2453908.55088 18.639 0.044 3.65 865.0
2453908.74007 18.602 0.042 4.57 596.0
2453908.81663 18.750 0.042 3.93 511.0
2453909.55602 18.561 0.039 4.24 565.0
2453909.75045 18.567 0.032 4.43 409.0
2453909.83235 18.598 0.038 4.25 511.0
2453910.60478 18.760 0.043 4.07 535.0
2453912.55516 18.565 0.028 2.94 574.0
2453912.75106 18.673 0.033 4.03 419.0
2453912.83981 18.599 0.035 3.88 495.0
2453913.55292 18.587 0.030 2.99 546.0
2453913.75513 18.640 0.049 5.38 582.0
2453913.84493 18.672 0.037 3.71 545.0
2453914.57039 18.627 0.041 4.26 582.0
2453915.55095 18.668 0.057 5.52 646.0
2453915.75423 18.560 0.035 4.84 446.0
2453915.85122 18.611 0.044 4.95 537.0
2453916.59874 18.807 0.061 5.71 532.0
2453916.77140 18.661 0.054 6.06 550.0
2453917.63875 18.641 0.046 4.98 579.0
2453917.85341 18.506 0.045 4.92 703.0
2453918.63224 18.722 0.045 4.55 580.0
2453918.66393 18.574 0.036 4.05 525.0
2453918.84194 18.776 0.060 5.20 606.0
2453919.56708 18.530 0.043 4.44 703.0
2453919.81153 18.460 0.044 5.74 607.0
2453920.53670 18.560 0.036 3.69 553.0
2453920.73301 18.552 0.046 5.66 546.0
2453920.81175 18.687 0.037 3.52 592.0
2453921.52971 18.514 0.043 4.00 713.0
2453921.74022 18.512 0.057 6.33 618.0
2453922.73664 18.629 0.053 5.70 611.0
2453930.58427 18.646 0.045 3.69 902.0
2453931.53532 18.655 0.050 4.52 683.0
2453931.65867 18.550 0.044 5.06 580.0
2453932.54719 18.588 0.048 4.61 754.0
2453933.53614 18.614 0.037 3.67 654.0
2453933.71749 18.749 0.048 4.44 664.0
2453933.79304 18.652 0.045 4.27 702.0
2453934.50690 18.624 0.042 3.87 667.0
2453934.63029 18.819 0.045 4.35 500.0
2453934.70072 18.660 0.040 4.51 476.0
2453934.76978 18.544 0.034 3.94 520.0
2453935.55676 18.676 0.045 4.41 546.0
2453935.72808 18.635 0.050 5.48 515.0
2453935.77983 18.606 0.042 4.73 554.0
2453936.51036 18.529 0.044 4.78 597.0
2453936.67568 18.592 0.043 4.89 535.0
2453936.75318 18.713 0.051 4.13 721.0
2453937.57842 18.657 0.050 5.12 507.0
2453938.51788 18.631 0.056 5.13 677.0
2453938.71953 18.824 0.057 5.46 515.0
2453938.76871 18.786 0.061 5.51 535.0
2453940.62087 18.538 0.033 4.47 548.0
2453941.66230 18.523 0.049 6.46 466.0
2453944.57437 18.494 0.035 5.13 540.0
2453945.52316 18.686 0.055 5.76 589.0
2453945.71128 18.629 0.047 5.03 571.0
2453946.53350 18.601 0.054 5.99 589.0
2453946.72289 18.713 0.044 4.99 452.0
2453950.54158 18.648 0.039 4.46 481.0
2453950.76108 18.768 0.052 4.99 555.0
2453951.53782 18.743 0.052 4.75 580.0
2453956.58419 18.697 0.064 5.58 795.0
2453957.52508 18.553 0.052 5.64 704.0
2453958.59787 18.675 0.051 4.99 697.0
2453959.53779 18.681 0.047 4.79 575.0
2453959.70216 18.534 0.050 5.63 688.0
2453960.51578 18.607 0.036 3.97 526.0
2453960.69569 18.572 0.034 3.42 656.0
2453961.59086 18.777 0.069 6.12 667.0
2453963.47744 18.752 0.063 5.84 663.0
2453963.65196 18.604 0.040 4.25 555.0
2453963.72529 18.792 0.061 5.77 566.0
2453964.54714 18.674 0.041 4.29 560.0
2453965.53364 18.670 0.035 3.58 501.0
2453965.72674 18.721 0.042 4.07 545.0
2453966.52870 18.632 0.041 4.24 578.0
2453966.71049 18.614 0.045 5.17 534.0
2453967.55243 18.635 0.058 6.30 540.0
2453968.51520 18.814 0.058 5.08 685.0
2453968.68671 18.701 0.046 4.43 571.0
2453969.51911 18.606 0.048 5.57 518.0
2453969.69769 18.596 0.052 5.78 503.0
2453970.53098 18.576 0.048 5.68 503.0
2453970.71083 18.708 0.043 4.21 540.0
2453971.57075 18.753 0.064 6.01 505.0
2453974.52570 18.635 0.052 5.64 525.0
2453975.52820 18.530 0.036 4.55 518.0
2453976.52296 18.685 0.039 4.31 546.0
2453979.53276 18.764 0.101 6.47 1378.0
2453982.59993 18.714 0.048 3.97 823.0
2453986.59992 18.839 0.068 5.29 755.0
2453987.52233 18.630 0.049 4.77 651.0
2453988.53516 18.614 0.034 3.78 519.0
2453989.59684 18.654 0.057 5.33 631.0
2453990.63912 18.671 0.049 4.79 630.0
2453994.49185 18.647 0.057 5.79 636.0
2453995.58945 18.678 0.045 4.71 570.0
2453999.62699 18.811 0.054 4.36 695.0
2454000.53406 18.591 0.049 5.24 608.0
2454001.52379 18.805 0.059 4.98 720.0
2454002.52043 18.730 0.052 5.22 573.0
2454004.54342 18.640 0.041 4.01 639.0
2454005.54614 18.503 0.046 4.69 646.0
2454006.54072 18.661 0.043 4.31 582.0
2454012.51649 18.692 0.064 6.22 708.0
2454016.55140 18.607 0.075 6.34 825.0
2454018.57102 18.752 0.064 4.79 720.0
2454020.56591 18.767 0.078 6.84 693.0
2454023.57512 18.833 0.085 5.80 1112.0
2454026.49821 18.491 0.042 5.29 657.0
2454028.51425 18.524 0.049 4.90 709.0
2454031.51438 18.583 0.055 5.59 744.0
2454038.51955 18.523 0.053 5.37 747.0
2454041.51867 18.457 0.061 5.45 1142.0
2454142.86980 18.658 0.077 6.44 1138.0
2454151.87498 18.649 0.056 5.65 679.0
2454153.89694 18.658 0.052 4.33 1051.0
2454156.87546 18.630 0.055 5.49 707.0
2454158.90363 18.661 0.055 4.41 1019.0
2454161.86299 18.566 0.050 4.93 949.0
2454163.84581 18.580 0.047 3.99 1142.0
2454168.82788 18.566 0.054 4.39 1089.0
2454170.83219 18.693 0.053 4.11 1075.0
2454175.86525 18.724 0.057 5.49 659.0
2454177.76755 18.745 0.053 4.69 657.0
2454178.82650 18.642 0.044 4.33 641.0
2454179.86637 18.664 0.044 4.05 680.0
2454181.80279 18.605 0.044 4.59 621.0
2454182.85136 18.593 0.037 4.00 579.0
2454183.88386 18.647 0.048 4.78 675.0
2454185.76034 18.659 0.058 6.00 652.0
2454185.82386 18.639 0.046 4.77 566.0
2454185.87780 18.712 0.046 4.43 587.0
2454185.91220 18.651 0.044 4.22 637.0
2454186.90824 18.663 0.059 5.65 595.0
2454187.87793 18.628 0.058 6.34 500.0
2454189.80999 18.667 0.065 6.19 689.0
2454189.85255 18.636 0.052 5.33 597.0
2454189.86742 18.659 0.062 6.09 634.0
2454189.88199 18.640 0.049 4.99 615.0
2454189.90292 18.670 0.061 5.72 657.0
2454189.91913 18.565 0.059 5.44 868.0
2454190.74416 18.544 0.059 5.69 872.0
2454190.79893 18.563 0.049 4.82 742.0
2454190.91998 18.629 0.046 4.27 788.0
2454191.77019 18.634 0.058 5.28 885.0
2454191.89937 18.761 0.061 5.32 703.0
2454192.78284 18.614 0.059 5.45 869.0
2454192.82117 18.662 0.063 5.83 778.0
2454193.78192 18.743 0.072 5.89 977.0
2454194.80477 18.544 0.040 4.00 747.0
2454196.79478 18.667 0.050 4.56 832.0
2454202.77640 18.753 0.046 4.64 706.0
2454203.76420 18.649 0.040 4.16 590.0
2454204.75654 18.656 0.048 4.45 696.0
2454205.75476 18.708 0.044 4.49 524.0
2454205.90615 18.612 0.041 3.91 694.0
2454207.74600 18.621 0.048 4.80 664.0
2454208.69995 18.590 0.048 4.89 688.0
2454211.81126 18.620 0.055 5.82 590.0
2454212.84081 18.663 0.060 5.81 595.0
2454213.74888 18.684 0.046 4.62 602.0
2454215.76190 18.686 0.066 6.24 640.0
2454216.71975 18.697 0.043 4.12 639.0
2454216.83178 18.588 0.043 4.51 594.0
2454216.93020 18.552 0.053 5.19 822.0
2454217.70172 18.663 0.043 4.05 746.0
2454217.72726 18.558 0.038 4.07 664.0
2454217.81207 18.570 0.032 3.44 567.0
2454217.84819 18.604 0.034 3.42 585.0
2454217.88858 18.627 0.036 3.45 613.0
2454217.92214 18.570 0.037 3.56 717.0
2454218.70139 18.653 0.064 6.16 721.0
2454218.77704 18.608 0.053 5.42 634.0
2454218.82986 18.619 0.058 5.94 618.0
2454218.89453 18.684 0.043 4.08 658.0
2454218.92940 18.659 0.052 4.31 936.0
2454219.70803 18.637 0.072 6.72 679.0
2454219.71445 18.758 0.075 6.60 668.0
2454219.71750 18.740 0.070 6.06 667.0
2454219.72410 18.680 0.061 5.81 646.0
2454219.74742 18.674 0.049 4.78 615.0
2454219.76079 18.529 0.050 5.34 627.0
2454219.77191 18.625 0.053 5.25 624.0
2454219.78019 18.679 0.052 4.99 627.0
2454219.78428 18.703 0.056 5.27 621.0
2454219.79551 18.530 0.041 4.43 621.0
2454219.80643 18.672 0.042 3.91 613.0
2454219.82433 18.651 0.047 4.50 634.0
2454219.83864 18.607 0.048 4.73 655.0
2454219.85574 18.663 0.053 5.01 651.0
2454219.86855 18.627 0.054 5.13 656.0
2454219.87965 18.647 0.053 5.25 636.0
2454219.89074 18.559 0.055 5.64 660.0
2454219.90200 18.620 0.061 5.93 684.0
2454219.91305 18.667 0.058 5.43 701.0
2454219.92692 18.625 0.058 5.23 822.0
2454219.93792 18.614 0.116 5.26 3731.0
2454220.65396 18.633 0.066 5.67 954.0
2454220.66113 18.790 0.090 6.67 924.0
2454220.67315 18.641 0.059 5.34 822.0
2454220.68409 18.655 0.056 5.10 795.0
2454220.69727 18.636 0.055 5.29 747.0
2454220.70824 18.649 0.054 5.03 707.0
2454220.71951 18.572 0.051 5.15 713.0
2454220.73153 18.582 0.047 4.74 699.0
2454220.74270 18.660 0.048 4.55 704.0
2454220.75698 18.564 0.046 4.73 680.0
2454220.76835 18.665 0.046 4.40 689.0
2454220.77971 18.587 0.042 4.04 685.0
2454220.79096 18.576 0.044 4.49 666.0
2454220.80275 18.632 0.049 4.77 692.0
2454220.81378 18.672 0.049 4.43 743.0
2454220.82486 18.601 0.053 4.94 782.0
2454220.83595 18.533 0.050 5.02 754.0
2454220.84773 18.736 0.060 5.00 776.0
2454220.85877 18.599 0.059 5.37 805.0
2454220.86999 18.512 0.057 5.52 823.0
2454220.88574 18.547 0.061 5.71 828.0
2454220.89684 18.658 0.063 5.58 769.0
2454220.90790 18.666 0.068 6.09 739.0
2454220.91896 18.661 0.067 5.93 743.0
2454220.92794 18.704 0.079 6.48 858.0
2454221.64168 18.649 0.091 7.09 1126.0
2454221.64997 18.563 0.077 6.84 536.0
2454221.65914 18.785 0.080 5.89 506.0
2454221.66739 18.875 0.079 5.78 479.0
2454221.67326 18.566 0.056 5.34 454.0
2454221.67885 18.850 0.069 5.13 459.0
2454221.68461 18.805 0.071 5.60 461.0
2454221.70767 18.580 0.054 5.03 453.0
2454221.71352 18.617 0.057 5.28 451.0
2454222.65511 18.627 0.073 5.77 1215.0
2454222.65993 18.569 0.076 6.21 1180.0
2454222.66874 18.710 0.074 5.51 1124.0
2454222.67699 18.726 0.072 5.35 1070.0
2454222.69131 18.639 0.054 4.41 1010.0
2454222.70313 18.534 0.046 4.36 970.0
2454222.71411 18.586 0.048 4.26 971.0
2454222.73410 18.653 0.053 4.64 949.0
2454222.74825 18.600 0.045 4.18 912.0
2454222.76209 18.701 0.053 4.47 904.0
2454222.77962 18.534 0.049 4.71 903.0
2454222.79913 18.663 0.047 4.11 880.0
2454222.81984 18.626 0.046 4.22 860.0
2454222.83647 18.590 0.042 3.84 851.0
2454222.85407 18.616 0.046 4.02 894.0
2454222.87068 18.628 0.048 4.06 908.0
2454222.88212 18.601 0.044 3.90 894.0
2454222.89350 18.700 0.052 4.18 910.0
2454222.90719 18.715 0.054 4.09 949.0
2454222.91899 18.558 0.044 3.75 985.0
2454222.92788 18.530 0.041 3.45 1050.0
2454223.65926 18.691 0.098 4.20 3913.0
2454223.66361 18.667 0.064 4.50 1447.0
2454223.73998 18.601 0.056 4.00 1553.0
2454224.74785 18.729 0.074 4.71 1498.0
2454224.80499 18.619 0.056 4.54 1044.0
2454224.86990 18.505 0.055 4.92 1173.0
2454227.84928 18.603 0.050 4.79 943.0
2454227.90345 18.637 0.056 4.49 1200.0
2454227.91344 18.755 0.062 4.79 1132.0
2454227.92307 18.672 0.062 4.81 1172.0
2454228.64768 18.727 0.062 4.88 991.0
2454228.69737 18.663 0.046 4.24 795.0
2454229.69095 18.664 0.059 5.48 740.0
2454229.88787 18.607 0.045 4.16 801.0
2454230.63913 18.678 0.053 4.90 703.0
2454230.82714 18.569 0.042 4.50 613.0
2454230.88880 18.649 0.055 4.94 782.0
2454231.66310 18.702 0.059 5.28 787.0
2454231.71416 18.714 0.050 4.61 690.0
2454231.86924 18.575 0.049 4.84 710.0
2454232.64930 18.572 0.065 6.12 951.0
2454232.77587 18.680 0.057 5.22 758.0
2454232.91344 18.672 0.053 4.86 728.0
2454233.84359 18.635 0.056 5.18 847.0
2454234.77387 18.607 0.045 4.62 684.0
2454234.89346 18.609 0.055 5.11 811.0
2454235.68751 18.627 0.042 3.99 765.0
2454235.74499 18.601 0.040 3.64 752.0
2454235.84854 18.637 0.042 3.86 637.0
2454235.91066 18.713 0.051 4.24 728.0
2454237.61402 18.631 0.062 5.93 781.0
2454238.68540 18.601 0.052 5.61 668.0
2454238.89487 18.691 0.059 4.90 938.0
2454239.65725 18.694 0.047 4.57 651.0
2454240.69694 18.583 0.043 4.78 621.0
2454240.84770 18.570 0.049 5.09 683.0
2454243.66257 18.541 0.048 5.24 658.0
2454243.75599 18.604 0.048 4.78 665.0
2454243.84886 18.696 0.063 5.75 679.0
2454244.63474 18.570 0.056 5.61 766.0
2454244.73115 18.632 0.044 4.31 673.0
2454244.82373 18.664 0.045 4.13 721.0
2454245.62784 18.682 0.047 4.91 582.0
2454245.72214 18.686 0.043 4.60 512.0
2454245.81762 18.610 0.041 4.40 556.0
2454245.86812 18.651 0.058 5.61 658.0
2454246.68656 18.548 0.044 4.79 670.0
2454246.77964 18.649 0.050 4.72 665.0
2454246.87230 18.621 0.052 4.71 871.0
2454247.70155 18.616 0.047 4.79 689.0
2454250.74961 18.629 0.048 4.16 904.0
2454250.93952 18.619 0.052 5.15 766.0
2454251.82120 18.687 0.097 6.29 1483.0
2454256.63736 18.641 0.070 6.35 806.0
2454256.78333 18.766 0.075 6.13 816.0
2454257.66895 18.687 0.056 5.22 680.0
2454258.65273 18.678 0.059 5.74 665.0
2454258.77553 18.598 0.047 4.78 738.0
2454258.86817 18.496 0.060 5.89 887.0
2454267.61239 18.599 0.058 5.70 715.0
2454268.63366 18.586 0.048 5.29 693.0
2454268.85936 18.526 0.056 5.55 835.0
2454269.59458 18.652 0.044 4.49 635.0
2454269.74487 18.579 0.051 5.49 627.0
2454270.52932 18.492 0.051 5.18 1029.0
2454272.57582 18.643 0.048 4.06 897.0
2454272.72569 18.602 0.040 4.00 611.0
2454272.78429 18.786 0.055 4.48 786.0
2454272.85568 18.623 0.060 5.28 973.0
2454273.63615 18.654 0.057 5.47 729.0
2454273.81431 18.708 0.055 4.47 947.0
2454273.87552 18.620 0.074 5.95 1204.0
2454274.56722 18.591 0.064 5.57 948.0
2454274.72015 18.676 0.058 5.20 761.0
2454274.78106 18.635 0.044 3.80 846.0
2454274.84058 18.618 0.058 5.48 936.0
2454275.61878 18.574 0.042 4.09 764.0
2454275.79404 18.568 0.053 4.72 915.0
2454275.85516 18.738 0.082 5.72 1159.0
2454276.60350 18.597 0.057 5.65 745.0
2454277.54723 18.724 0.073 5.60 1006.0
2454277.72432 18.689 0.052 4.87 750.0
2454277.78293 18.624 0.066 6.10 791.0
2454278.59217 18.698 0.070 5.59 858.0
2454278.76850 18.574 0.064 5.51 879.0
2454283.52974 18.649 0.058 4.31 1221.0
2454284.52155 18.680 0.064 5.18 963.0
2454284.67113 18.661 0.060 4.45 897.0
2454284.73127 18.565 0.044 4.12 849.0
2454284.79333 18.508 0.050 4.12 1008.0
2454284.85828 18.604 0.068 4.77 1447.0
2454285.52473 18.843 0.072 4.61 976.0
2454285.71828 18.672 0.055 4.98 696.0
2454285.77951 18.706 0.052 4.36 699.0
2454285.84474 18.674 0.060 4.85 930.0
2454286.52445 18.606 0.058 4.89 1047.0
2454286.83266 18.859 0.101 5.03 2021.0
2454289.53536 18.578 0.059 5.27 849.0
2454289.75427 18.578 0.058 5.91 710.0
2454289.81909 18.716 0.062 5.43 751.0
2454290.58164 18.663 0.062 6.31 590.0
2454291.60129 18.583 0.045 4.73 611.0
2454292.50687 18.534 0.039 4.22 760.0
2454292.68590 18.668 0.043 4.03 631.0
2454292.74470 18.613 0.038 3.90 649.0
2454292.80771 18.586 0.044 4.29 738.0
2454293.50767 18.635 0.043 4.00 639.0
2454293.69180 18.595 0.039 4.17 590.0
2454293.75057 18.622 0.039 3.89 602.0
2454293.79083 18.496 0.040 4.49 655.0
2454293.82834 18.648 0.046 4.43 694.0
2454294.50627 18.598 0.046 4.47 802.0
2454295.51643 18.633 0.044 4.52 613.0
2454295.71152 18.605 0.036 4.21 470.0
2454295.77010 18.619 0.040 4.43 490.0
2454295.83193 18.748 0.063 5.68 694.0
2454296.51049 18.652 0.055 5.14 672.0
2454296.71623 18.583 0.039 4.34 503.0
2454297.53031 18.599 0.044 4.41 621.0
2454297.73488 18.572 0.043 4.85 553.0
2454298.56479 18.690 0.052 5.29 532.0
2454298.67643 18.685 0.047 5.34 481.0
2454298.81383 18.577 0.067 6.57 806.0
2454299.55188 18.619 0.036 3.87 569.0
2454299.64178 18.569 0.036 4.19 495.0
2454299.73307 18.663 0.040 4.17 482.0
2454300.54853 18.622 0.044 4.57 585.0
2454300.66371 18.742 0.050 5.42 507.0
2454300.77881 18.552 0.043 4.46 710.0
2454301.53464 18.677 0.044 4.27 761.0
2454301.63089 18.587 0.042 4.52 623.0
2454301.73306 18.603 0.041 4.52 562.0
2454302.60764 18.706 0.051 4.71 553.0
2454302.77273 18.605 0.045 5.20 516.0
2454303.69420 18.678 0.053 5.17 537.0
2454304.57252 18.674 0.066 5.49 933.0
2454304.70195 18.669 0.070 6.25 807.0
2454306.57825 18.629 0.057 5.37 762.0
2454306.71476 18.688 0.059 5.63 748.0
2454310.63187 18.609 0.067 5.00 1220.0
2454312.51947 18.597 0.064 5.08 1134.0
2454312.76232 18.627 0.049 4.48 872.0
2454314.77690 18.628 0.069 6.41 830.0
2454315.55091 18.563 0.048 4.90 703.0
2454316.58046 18.646 0.042 4.53 545.0
2454317.50310 18.684 0.046 4.28 657.0
2454319.53814 18.610 0.047 4.68 664.0
2454319.68410 18.640 0.055 5.34 713.0
2454320.60548 18.689 0.057 5.53 568.0
2454326.73105 18.494 0.049 5.89 584.0
2454327.60606 18.791 0.064 5.63 616.0
2454327.74448 18.522 0.065 6.53 855.0
2454328.47123 18.575 0.060 4.11 1529.0
2454328.71085 18.613 0.055 5.04 819.0
2454329.54174 18.701 0.058 5.23 585.0
2454329.68975 18.635 0.058 5.61 633.0
2454330.47155 18.576 0.055 4.48 1291.0
2454330.70884 18.602 0.047 4.67 673.0
2454331.51369 18.651 0.046 4.61 626.0
2454332.52367 18.666 0.042 3.96 660.0
2454332.72887 18.717 0.063 5.12 902.0
2454333.54868 18.536 0.050 5.10 770.0
2454334.52140 18.735 0.094 5.68 1626.0
2454338.51816 18.833 0.091 5.66 1180.0
2454338.69671 18.679 0.079 5.32 1430.0
2454339.51497 18.588 0.050 4.17 1082.0
2454340.63515 18.709 0.054 4.44 1022.0
2454341.51922 18.568 0.061 5.53 894.0
2454342.55124 18.610 0.051 4.76 734.0
2454343.53513 18.587 0.039 3.95 709.0
2454344.56467 18.681 0.056 4.53 782.0
2454345.52678 18.694 0.042 3.45 737.0
2454346.53638 18.696 0.066 5.85 771.0
2454347.55073 18.643 0.051 4.80 657.0
2454349.51645 18.559 0.046 4.76 603.0
2454350.56985 18.583 0.039 3.88 650.0
2454351.52157 18.616 0.042 3.96 637.0
2454352.57793 18.725 0.070 6.40 673.0
2454353.53189 18.663 0.046 4.27 798.0
2454353.54355 18.649 0.050 4.49 819.0
2454354.56063 18.654 0.051 4.89 703.0
2454355.56844 18.573 0.055 5.45 796.0
2454356.52567 18.621 0.046 4.38 657.0
2454357.49703 18.598 0.064 6.51 700.0
2454358.54046 18.582 0.050 4.93 736.0
2454359.50938 18.545 0.048 5.06 726.0
2454360.58130 18.632 0.058 5.68 694.0
2454362.53977 18.665 0.064 4.69 1291.0
2454365.57839 18.653 0.076 5.81 1167.0
2454367.53121 18.699 0.059 4.77 1018.0
2454368.49849 18.669 0.070 5.92 945.0
2454369.58392 18.597 0.081 6.51 1165.0
2454370.51111 18.635 0.053 4.58 957.0
2454371.47895 18.585 0.065 4.16 1770.0
2454372.53537 18.631 0.042 4.33 665.0
2454373.52638 18.720 0.066 5.54 804.0
2454377.49963 18.670 0.048 4.32 777.0
2454378.53395 18.616 0.050 4.77 683.0
2454379.55200 18.732 0.074 6.17 748.0
2454380.49143 18.747 0.064 5.11 831.0
2454381.53909 18.508 0.068 6.36 966.0
2454382.49765 18.622 0.075 6.68 935.0
2454383.52979 18.607 0.064 5.78 905.0
2454384.50422 18.685 0.081 7.24 752.0
2454388.56043 18.550 0.067 6.19 888.0
2454393.54629 18.583 0.049 4.18 1062.0
2454394.51941 18.655 0.060 4.75 1000.0
2454395.55563 18.688 0.081 5.90 1111.0
2454396.52545 18.597 0.080 6.05 1296.0
2454397.54919 18.635 0.072 5.25 1348.0
2454398.55446 18.599 0.068 5.39 1341.0
2454399.50444 18.642 0.075 6.08 1155.0
2454400.54888 18.513 0.079 6.31 1568.0
2454403.50277 18.742 0.090 6.22 1140.0
2454409.52023 18.751 0.090 6.12 1269.0
2454507.87900 18.713 0.070 6.18 929.0
2454511.84578 18.660 0.048 4.41 711.0
2454511.86559 18.558 0.037 3.86 665.0
2454513.87693 18.518 0.038 4.21 751.0
2454517.87608 18.494 0.065 6.16 1031.0
2454519.89734 18.554 0.053 4.76 1097.0
2454521.81540 18.443 0.052 5.18 1101.0
2454523.88784 18.464 0.049 5.57 773.0
2454525.83174 18.325 0.062 4.13 2712.0
2454530.89735 18.253 0.029 3.69 665.0
2454531.83492 18.333 0.036 4.58 759.0
2454534.84470 18.215 0.035 5.37 584.0
2454536.79328 18.120 0.042 6.28 786.0
2454537.85341 18.039 0.023 4.38 543.0
2454538.88583 17.998 0.027 4.66 662.0
2454539.87191 17.903 0.028 5.74 583.0
2454540.81582 17.848 0.021 4.25 675.0
2454541.80836 17.674 0.019 4.87 600.0
2454542.80315 17.558 0.021 6.25 647.0
2454543.79867 17.503 0.017 4.76 680.0
2454544.79561 17.349 0.017 5.23 795.0
2454545.75977 17.147 0.018 5.85 949.0
2454546.76636 16.854 0.013 5.42 944.0
2454547.74108 16.603 0.010 4.28 1137.0
2454548.83344 16.074 0.007 4.83 808.0
2454548.88432 16.078 0.009 6.91 792.0
2454550.76350 15.041 0.004 6.13 853.0
2454550.78317 15.063 0.004 5.60 796.0
2454550.86799 15.135 0.003 4.63 752.0
2454551.72650 15.889 0.006 4.67 1086.0
2454551.78007 15.942 0.006 4.77 824.0
2454552.72984 16.485 0.017 6.36 2333.0
2454556.77316 17.437 0.017 5.39 551.0
2454557.79434 17.596 0.020 5.52 588.0
2454558.72397 17.773 0.025 5.65 606.0
2454559.76482 17.886 0.023 4.77 502.0
2454560.76522 17.951 0.025 4.97 508.0
2454561.75453 17.974 0.023 4.51 593.0
2454564.74480 18.154 0.028 4.91 507.0
2454565.74282 18.170 0.024 3.95 557.0
2454566.74230 18.355 0.034 4.88 584.0
2454567.74225 18.336 0.033 4.63 575.0
2454568.74486 18.314 0.029 4.04 616.0
2454569.75940 18.301 0.031 4.78 546.0
2454570.74741 18.436 0.045 5.93 569.0
2454571.73903 18.352 0.046 6.19 691.0
2454572.76592 18.411 0.034 4.41 678.0
2454573.75407 18.460 0.041 4.96 713.0
2454574.75665 18.399 0.040 4.82 750.0
2454575.76547 18.364 0.036 4.14 785.0
2454576.77846 18.518 0.038 3.63 923.0
2454576.90175 18.388 0.039 3.87 969.0
2454577.85365 18.413 0.037 3.87 822.0
2454577.90965 18.504 0.044 3.99 899.0
2454578.80801 18.498 0.058 6.35 823.0
2454579.88181 18.393 0.046 4.00 1448.0
2454583.74862 18.569 0.047 4.87 764.0
2454585.77575 18.382 0.051 5.99 961.0
2454586.75507 18.558 0.047 5.41 641.0
2454587.78866 18.572 0.046 5.17 609.0
2454588.66379 18.634 0.055 5.73 707.0
2454588.89633 18.577 0.036 3.65 655.0
2454589.71021 18.626 0.048 5.27 625.0
2454589.86557 18.525 0.046 4.79 636.0
2454589.92745 18.635 0.052 4.90 766.0
2454590.71903 18.689 0.050 4.81 682.0
2454590.92101 18.482 0.038 3.64 855.0
2454591.66021 18.565 0.045 4.58 870.0
2454591.87151 18.614 0.045 4.29 754.0
2454591.93350 18.557 0.058 4.67 1317.0
2454592.68040 18.547 0.045 4.71 912.0
2454592.86967 18.593 0.045 3.67 944.0
2454593.66958 18.569 0.045 4.87 669.0
2454593.87937 18.663 0.044 3.76 771.0
2454593.91924 18.654 0.045 3.83 803.0
2454594.69076 18.485 0.043 5.44 618.0
2454594.88564 18.533 0.044 4.50 738.0
2454595.68337 18.566 0.043 5.07 619.0
2454595.87462 18.601 0.043 4.41 620.0
2454595.93915 18.667 0.078 4.90 1689.0
2454596.67523 18.665 0.058 5.57 618.0
2454596.93307 18.618 0.047 4.16 799.0
2454597.69982 18.618 0.042 4.72 576.0
2454597.89142 18.598 0.042 4.08 680.0
2454598.67603 18.551 0.032 3.87 487.0
2454599.64857 18.702 0.054 5.22 669.0
2454599.93373 18.627 0.051 4.46 871.0
2454600.66092 18.601 0.037 4.30 543.0
2454600.86959 18.583 0.036 3.26 750.0
2454601.66345 18.596 0.041 4.19 693.0
2454601.87967 18.619 0.036 3.58 555.0
2454602.65603 18.598 0.036 3.84 657.0
2454602.87193 18.471 0.032 3.50 696.0
2454603.86736 18.621 0.052 4.78 784.0
2454606.66379 18.672 0.046 3.85 1069.0
2454606.91557 18.555 0.049 4.14 1296.0
2454610.75709 18.567 0.042 3.80 860.0
2454611.64266 18.631 0.052 4.60 802.0
2454611.79144 18.609 0.046 4.02 875.0
2454612.66417 18.552 0.050 4.69 919.0
2454615.80649 18.684 0.052 4.69 700.0
2454616.61815 18.645 0.045 4.38 716.0
2454616.83443 18.590 0.047 4.66 633.0
2454617.69205 18.598 0.036 3.90 619.0
2454618.62675 18.656 0.046 4.43 672.0
2454622.64030 18.547 0.045 4.47 681.0
2454622.82516 18.658 0.052 4.78 698.0
2454623.68691 18.826 0.059 5.24 586.0
2454623.88451 18.540 0.072 6.51 942.0
2454624.60543 18.738 0.067 5.69 809.0
2454624.82837 18.579 0.047 4.73 645.0
2454624.89744 18.582 0.058 5.99 732.0
2454625.61874 18.499 0.053 6.51 617.0
2454625.83815 18.576 0.057 5.76 748.0
2454625.92672 18.616 0.067 6.18 856.0
2454626.63943 18.519 0.052 6.43 573.0
2454626.90759 18.505 0.052 5.64 787.0
2454627.57741 18.604 0.045 4.72 717.0
2454627.86682 18.668 0.040 4.09 534.0
2454628.58432 18.704 0.052 4.78 686.0
2454628.77410 18.592 0.048 5.11 577.0
2454628.83641 18.673 0.058 5.86 574.0
2454628.91062 18.499 0.049 5.59 755.0
2454629.64717 18.665 0.043 4.39 528.0
2454629.85485 18.618 0.050 5.07 762.0
2454630.58224 18.682 0.050 4.88 705.0
2454630.79801 18.580 0.038 3.65 697.0
2454630.86752 18.602 0.049 4.76 747.0
2454631.60774 18.631 0.042 4.37 650.0
2454631.80643 18.632 0.042 4.12 720.0
2454631.88179 18.568 0.045 4.18 915.0
2454632.58688 18.612 0.044 4.42 794.0
2454633.58392 18.638 0.047 4.23 902.0
2454633.69488 18.599 0.039 3.67 763.0
2454633.81989 18.627 0.048 4.26 869.0
2454638.76835 18.614 0.049 4.00 972.0
2454638.87909 18.844 0.092 5.67 1497.0
2454639.59194 18.629 0.050 4.44 959.0
2454639.68953 18.534 0.042 3.89 911.0
2454640.61014 18.679 0.052 5.31 666.0
2454640.74199 18.692 0.044 4.07 598.0
2454641.68567 18.668 0.054 4.98 682.0
2454641.79775 18.570 0.047 4.54 755.0
2454642.60816 18.648 0.044 4.41 660.0
2454642.77030 18.562 0.045 4.77 637.0
2454642.84947 18.660 0.062 5.36 1049.0
2454643.56739 18.639 0.056 5.75 628.0
2454644.61588 18.649 0.052 5.43 629.0
2454644.88546 18.576 0.051 5.28 710.0
2454645.54626 18.715 0.071 5.51 975.0
2454645.79397 18.596 0.053 5.03 715.0
2454645.85945 18.697 0.069 5.74 971.0
2454646.54127 18.636 0.042 3.88 806.0
2454646.86701 18.606 0.056 5.09 972.0
2454647.53758 18.626 0.052 4.28 1058.0
2454647.75380 18.701 0.058 4.97 740.0
2454647.77799 18.608 0.051 4.82 733.0
2454648.53465 18.554 0.054 4.92 814.0
2454648.78854 18.638 0.052 5.46 653.0
2454648.86317 18.617 0.069 6.27 955.0
2454649.54489 18.624 0.051 5.18 746.0
2454649.77122 18.658 0.044 4.35 636.0
2454650.54604 18.728 0.055 4.43 969.0
2454650.80915 18.624 0.052 5.37 645.0
2454651.52947 18.645 0.055 4.84 867.0
2454652.52092 18.701 0.056 4.78 905.0
2454652.73514 18.629 0.044 4.30 628.0
2454652.85892 18.480 0.057 5.83 917.0
2454653.51660 18.790 0.076 6.23 916.0
2454653.73581 18.679 0.049 4.37 783.0
2454654.55569 18.701 0.065 6.60 661.0
2454654.77025 18.712 0.056 4.75 748.0
2454655.51643 18.631 0.058 5.04 1033.0
2454655.74101 18.660 0.042 4.04 611.0
2454656.51836 18.627 0.042 3.95 679.0
2454656.70825 18.687 0.049 3.89 775.0
2454656.82751 18.765 0.071 4.79 1231.0
2454657.74677 18.718 0.070 6.14 695.0
2454658.67697 18.544 0.051 5.18 746.0
2454660.62926 18.610 0.052 5.09 780.0
2454661.50644 18.644 0.049 3.65 1154.0
2454661.70714 18.645 0.061 5.19 894.0
2454661.77414 18.706 0.062 4.66 1071.0
2454665.67404 18.689 0.062 3.95 1542.0
2454666.57939 18.650 0.048 4.08 1012.0
2454666.68033 18.617 0.048 4.16 927.0
2454666.72258 18.615 0.055 4.60 961.0
2454666.79491 18.621 0.071 5.73 1110.0
2454667.51324 18.669 0.079 6.58 965.0
2454670.54967 18.529 0.060 6.68 659.0
2454671.59953 18.602 0.037 4.25 502.0
2454671.77166 18.632 0.057 5.74 703.0
2454672.52540 18.605 0.037 3.78 657.0
2454672.67558 18.646 0.042 4.43 602.0
2454672.76077 18.750 0.065 5.45 840.0
2454674.53121 18.769 0.061 5.30 625.0
2454674.72137 18.511 0.045 4.94 624.0
2454675.77055 18.633 0.057 5.38 846.0
2454677.50477 18.706 0.047 4.31 794.0
2454677.58870 18.630 0.047 5.13 535.0
2454677.74426 18.630 0.065 6.54 637.0
2454679.64358 18.614 0.053 6.05 528.0
2454681.54615 18.585 0.044 4.60 592.0
2454681.64618 18.620 0.043 4.54 510.0
2454681.73644 18.716 0.049 4.49 676.0
2454682.57075 18.620 0.051 5.19 644.0
2454682.67447 18.617 0.043 4.73 542.0
2454682.76962 18.467 0.045 5.15 710.0
2454683.53582 18.802 0.068 5.69 779.0
2454683.72443 18.649 0.057 5.85 620.0
2454684.52837 18.583 0.044 4.13 889.0
2454684.69979 18.569 0.044 4.74 628.0
2454685.47100 18.763 0.102 6.33 1268.0
2454685.74853 18.674 0.056 5.07 800.0
2454686.51713 18.718 0.053 4.71 719.0
2454687.52043 18.688 0.053 4.78 665.0
2454687.75638 18.774 0.068 5.89 875.0
2454688.51376 18.587 0.047 4.82 707.0
2454688.70349 18.609 0.048 4.92 680.0
2454693.56145 18.649 0.054 3.59 1536.0
2454694.62257 18.652 0.071 5.73 949.0
2454697.51720 18.605 0.043 4.39 654.0
2454698.52262 18.580 0.036 3.82 607.0
2454699.52083 18.652 0.047 4.80 700.0
2454700.52523 18.662 0.042 4.07 672.0
2454701.52048 18.740 0.055 4.69 744.0
2454702.53671 18.552 0.041 4.35 598.0
2454703.60420 18.719 0.049 4.52 620.0
2454704.65957 18.564 0.047 5.17 629.0
2454705.56735 18.578 0.044 4.49 623.0
2454707.61603 18.682 0.048 4.66 570.0
2454708.56789 18.694 0.049 4.74 596.0
2454709.53200 18.580 0.061 5.95 709.0
2454710.57272 18.643 0.053 4.95 761.0
2454715.60703 18.667 0.065 5.94 754.0
2454716.60465 18.666 0.070 4.80 1527.0
2454720.52242 18.644 0.061 5.00 969.0
2454721.52266 18.659 0.069 5.41 998.0
2454722.48816 18.654 0.068 5.81 876.0
2454724.52520 18.559 0.061 5.91 923.0
2454725.50386 18.710 0.065 5.37 896.0
2454726.48404 18.614 0.072 6.46 782.0
2454728.61773 18.697 0.082 7.15 868.0
2454729.48545 18.749 0.069 5.89 794.0
2454730.48684 18.653 0.054 5.13 768.0
2454731.59378 18.636 0.062 6.71 619.0
2454733.54226 18.562 0.048 5.04 634.0
2454734.57159 18.569 0.050 5.16 713.0
2454740.57312 18.670 0.070 6.64 749.0
2454753.56415 18.560 0.064 5.82 1003.0
2454758.52988 18.580 0.057 5.42 975.0
2454869.86582 18.581 0.051 5.01 882.0
2454872.85819 18.677 0.091 6.86 1290.0
2454873.87995 18.645 0.052 4.44 1048.0
2454875.87980 18.868 0.073 6.07 876.0
2454878.85390 18.709 0.067 5.03 1174.0
2454884.87058 18.654 0.045 3.95 855.0
