2452116.77700 18.855 0.074 6.13 717.0
2452128.66294 18.921 0.058 4.17 830.0
2452131.63897 19.037 0.070 4.42 811.0
2452135.54878 18.896 0.050 3.66 740.0
2452138.69663 18.819 0.069 6.59 573.0
2452143.61768 18.940 0.063 4.29 704.0
2452162.60978 18.872 0.062 5.15 647.0
2452170.51603 18.843 0.054 4.42 738.0
2452173.58999 18.775 0.068 5.17 847.0
2452183.53291 18.914 0.098 6.51 1070.0
2452184.58882 18.728 0.075 6.05 1027.0
2452195.57081 19.085 0.099 5.14 1236.0
2452200.54505 18.935 0.098 5.05 1444.0
2452326.87646 18.940 0.084 5.95 851.0
2452346.81954 18.933 0.063 4.61 789.0
2452360.82984 18.929 0.057 3.74 909.0
2452371.78653 18.949 0.056 4.09 769.0
2452380.79103 18.853 0.072 6.34 610.0
2452384.76303 18.967 0.061 4.29 747.0
2452388.76663 18.937 0.070 4.95 799.0
2452390.73650 18.885 0.081 5.44 1062.0
2452397.89483 18.959 0.069 3.96 946.0
2452401.69721 18.840 0.053 4.32 719.0
2452403.75846 18.967 0.051 3.52 669.0
2452405.69430 19.018 0.072 4.97 678.0
2452410.79348 19.087 0.063 4.25 678.0
2452415.69578 18.900 0.071 5.08 842.0
2452417.77301 18.873 0.067 4.77 858.0
2452425.86003 18.887 0.078 5.39 935.0
2452431.70717 18.967 0.074 5.37 732.0
2452433.68208 18.861 0.059 4.74 702.0
2452434.82794 18.978 0.060 3.90 780.0
2452436.61723 18.877 0.061 4.17 860.0
2452438.63287 18.935 0.059 4.52 668.0
2452440.61424 18.966 0.060 4.37 700.0
2452443.64911 18.867 0.066 5.25 702.0
2452445.54422 18.994 0.084 4.92 1016.0
2452452.61603 18.759 0.061 4.57 939.0
2452458.75200 18.926 0.063 5.15 592.0
2452462.66849 18.855 0.046 4.03 576.0
2452464.53586 18.893 0.073 5.17 879.0
2452467.46181 18.931 0.121 5.98 2032.0
2452469.47238 19.016 0.075 4.66 1023.0
2452471.76286 18.851 0.052 4.13 721.0
2452473.46102 18.841 0.095 5.40 1672.0
2452483.51577 18.918 0.052 3.98 712.0
2452485.71051 18.977 0.089 6.58 699.0
2452490.49245 18.914 0.062 4.84 766.0
2452492.72894 19.103 0.122 6.69 950.0
2452495.51993 18.842 0.067 5.28 803.0
2452497.58098 18.866 0.049 3.83 612.0
2452499.61825 18.833 0.053 4.17 690.0
2452501.64515 18.967 0.055 3.76 714.0
2452511.62418 19.005 0.095 5.60 936.0
2452518.57497 18.888 0.057 4.36 697.0
2452521.57089 18.863 0.055 4.30 765.0
2452535.49993 18.937 0.091 5.83 940.0
2452539.59638 18.932 0.077 4.75 1048.0
2452540.57449 18.931 0.093 5.73 1106.0
2452545.52638 18.993 0.069 4.07 898.0
2452550.56303 18.944 0.114 7.58 874.0
2452555.52547 18.953 0.086 5.16 949.0
2452561.54979 18.941 0.098 4.95 1528.0
2452571.49218 18.860 0.111 5.50 2022.0
2452701.88541 18.925 0.063 4.80 657.0
2452712.88261 18.924 0.064 4.94 654.0
2452727.84517 18.915 0.051 3.66 724.0
2452732.85910 18.996 0.074 5.39 677.0
2452743.85077 18.995 0.059 3.60 700.0
2452748.88249 18.881 0.094 5.81 1493.0
2452755.87323 18.906 0.065 4.82 773.0
2452759.86459 18.829 0.062 4.69 868.0
2452765.89102 18.860 0.059 4.12 873.0
2452769.93257 19.178 0.079 4.19 903.0
2452782.80453 18.969 0.091 6.62 805.0
2452784.79775 18.947 0.053 3.64 645.0
2452786.68835 18.840 0.074 5.34 933.0
2452788.84028 18.849 0.051 3.75 847.0
2452790.88687 18.959 0.068 4.27 823.0
2452792.53916 18.908 0.098 6.82 914.0
2452794.68055 18.829 0.068 6.03 670.0
2452796.61795 18.889 0.048 3.24 685.0
2452802.67512 18.817 0.072 5.08 911.0
2452808.72260 18.858 0.068 4.68 919.0
2452810.64133 18.853 0.058 4.38 751.0
2452812.61827 18.819 0.058 4.30 886.0
2452813.70724 18.843 0.059 5.18 592.0
2452815.64681 18.923 0.065 4.98 655.0
2452816.78195 19.071 0.078 5.15 713.0
2452817.79130 18.921 0.095 6.32 894.0
2452819.56609 18.964 0.065 3.76 967.0
2452821.55506 18.808 0.057 4.37 821.0
2452830.59072 18.830 0.131 5.48 2863.0
2452835.52265 19.107 0.111 4.36 1721.0
2452836.75073 19.030 0.084 4.10 1366.0
2452838.64704 18.830 0.068 5.39 771.0
2452840.57174 18.970 0.056 4.12 613.0
2452842.62203 18.966 0.066 4.72 697.0
2452844.68250 18.863 0.051 3.82 703.0
2452849.50739 18.732 0.071 5.64 949.0
2452851.61198 18.912 0.060 4.42 709.0
2452853.62264 18.948 0.056 4.08 677.0
2452856.50045 18.906 0.071 5.08 811.0
2452858.47210 18.814 0.082 4.57 1659.0
2452859.53723 18.768 0.091 4.17 2350.0
2452860.59087 18.912 0.088 4.43 1728.0
2452863.67789 18.817 0.071 4.23 1310.0
2452867.58418 18.915 0.063 4.81 692.0
2452870.66241 19.012 0.064 4.02 772.0
2452874.65093 18.933 0.078 5.72 756.0
2452878.54303 18.908 0.052 3.65 693.0
2452884.61447 18.910 0.071 4.65 868.0
2452893.64224 18.867 0.053 3.31 1035.0
2452896.50503 18.934 0.074 4.66 856.0
2452901.52059 18.786 0.078 5.75 860.0
2452906.64514 18.910 0.081 5.63 912.0
2452910.64012 18.821 0.103 7.08 1049.0
2452912.62451 19.066 0.100 5.44 1100.0
2452924.54778 18.865 0.063 3.75 1187.0
2452934.56464 18.863 0.084 4.96 1156.0
2452942.52539 18.912 0.080 4.49 1402.0
2453048.86478 18.937 0.065 3.96 1028.0
2453056.89746 18.859 0.097 5.20 1457.0
2453060.89891 18.948 0.073 4.42 1060.0
2453066.89227 18.802 0.053 4.42 661.0
2453069.84490 19.037 0.083 5.40 772.0
2453071.85250 18.978 0.065 3.82 907.0
2453074.84012 18.842 0.053 3.95 784.0
2453076.87738 18.930 0.072 4.52 935.0
2453078.88694 19.040 0.104 3.83 2313.0
2453081.78737 19.010 0.059 3.96 742.0
2453083.90634 18.850 0.050 4.07 684.0
2453086.73320 18.863 0.048 3.76 690.0
2453088.73687 18.968 0.056 4.13 644.0
2453090.83635 18.793 0.050 4.28 543.0
2453092.81157 18.948 0.085 7.14 550.0
2453097.77434 18.957 0.083 5.77 838.0
2453099.76862 18.802 0.098 7.55 807.0
2453101.71076 18.903 0.104 6.27 1247.0
2453103.71482 18.796 0.078 5.15 1217.0
2453106.74065 18.922 0.100 3.61 2839.0
2453107.85392 18.742 0.063 3.87 1289.0
2453109.69058 18.947 0.062 4.49 770.0
2453110.70124 19.025 0.080 5.09 994.0
2453112.70172 18.873 0.061 4.98 655.0
2453113.74490 18.823 0.043 3.89 519.0
2453114.91916 19.029 0.062 3.94 757.0
2453115.74204 18.798 0.051 4.35 678.0
2453118.72710 18.983 0.085 5.90 794.0
2453122.75316 19.055 0.094 6.60 647.0
2453124.92969 18.829 0.091 6.26 1050.0
2453126.66871 18.965 0.064 4.68 747.0
2453127.67073 18.930 0.065 4.30 856.0
2453128.68917 18.937 0.064 3.84 920.0
2453129.66857 18.872 0.067 3.85 1050.0
2453130.83103 18.737 0.077 4.96 1317.0
2453131.83050 18.915 0.095 4.63 1651.0
2453134.63782 18.925 0.080 4.21 1414.0
2453135.70410 18.834 0.062 5.00 723.0
2453138.91599 19.080 0.084 5.01 797.0
2453139.69994 18.862 0.049 4.56 537.0
2453140.66744 18.905 0.052 3.68 671.0
2453141.83111 18.781 0.047 4.66 530.0
2453144.66336 18.971 0.062 4.96 570.0
2453145.73116 18.770 0.055 5.44 537.0
2453151.62013 18.996 0.095 6.68 709.0
2453152.62905 18.850 0.053 4.30 625.0
2453153.63045 18.909 0.071 5.48 717.0
2453153.92100 18.987 0.083 5.11 970.0
2453154.70666 18.886 0.070 5.62 663.0
2453156.61479 18.818 0.079 5.65 963.0
2453158.65524 18.787 0.082 4.75 1576.0
2453162.67238 18.902 0.056 3.98 792.0
2453163.59063 18.906 0.054 4.12 585.0
2453163.91201 18.884 0.076 4.38 1281.0
2453164.58406 18.850 0.048 3.92 581.0
2453165.58380 18.958 0.059 4.73 632.0
2453166.79461 18.940 0.094 6.43 824.0
2453167.80928 18.987 0.076 5.56 697.0
2453168.62489 18.937 0.064 5.58 540.0
2453169.59517 18.911 0.049 3.31 695.0
2453170.69007 18.859 0.048 4.24 550.0
2453171.60801 18.926 0.057 4.53 592.0
2453172.59775 18.830 0.045 3.90 560.0
2453174.58374 18.972 0.050 3.34 730.0
2453174.90287 18.942 0.065 3.89 1041.0
2453175.58500 18.957 0.051 3.44 724.0
2453176.61095 18.972 0.071 5.25 588.0
2453178.64681 19.004 0.069 5.10 662.0
2453179.67120 18.953 0.063 5.40 547.0
2453180.54577 18.832 0.053 4.17 736.0
2453182.58015 18.960 0.068 5.49 618.0
2453182.61936 18.858 0.061 5.26 619.0
2453183.55290 18.935 0.061 4.32 722.0
2453183.58301 18.879 0.047 4.01 528.0
2453184.56303 18.934 0.051 3.83 630.0
2453184.83348 18.761 0.057 4.54 794.0
2453185.64670 18.818 0.051 3.68 779.0
2453191.86234 18.897 0.079 5.17 1068.0
2453193.73397 18.925 0.070 5.91 580.0
2453194.71271 19.004 0.061 4.27 643.0
2453195.51827 18.873 0.057 4.25 660.0
2453196.51663 18.939 0.094 6.44 868.0
2453197.75237 18.987 0.063 4.50 669.0
2453199.55227 18.881 0.070 6.34 537.0
2453202.61213 18.973 0.083 6.27 661.0
2453203.55617 18.876 0.043 3.58 577.0
2453205.55275 18.968 0.051 4.42 501.0
2453206.53475 18.845 0.047 4.40 529.0
2453207.53772 18.790 0.069 6.56 588.0
2453210.76534 18.857 0.065 5.29 754.0
2453211.52418 18.989 0.070 5.54 604.0
2453212.51913 18.740 0.074 6.53 766.0
2453217.52961 18.936 0.065 3.62 1223.0
2453218.52697 18.979 0.083 4.88 1062.0
2453223.51835 19.006 0.095 6.98 712.0
2453224.53381 18.860 0.054 3.93 748.0
2453226.48873 19.067 0.075 5.24 624.0
2453229.49730 18.819 0.044 3.63 678.0
2453230.53731 18.944 0.052 4.07 601.0
2453239.64588 18.871 0.062 5.16 665.0
2453241.53331 19.062 0.078 4.97 772.0
2453244.63181 18.982 0.125 5.04 2063.0
2453246.53395 18.800 0.061 5.08 767.0
2453248.54162 18.942 0.069 4.70 693.0
2453250.52649 18.792 0.054 4.58 681.0
2453251.67023 18.904 0.069 5.78 662.0
2453254.52880 18.941 0.071 5.81 602.0
2453257.66628 18.911 0.055 4.43 669.0
2453262.50063 18.955 0.089 5.90 888.0
2453262.50988 18.807 0.078 6.43 881.0
2453262.58721 18.854 0.060 4.53 763.0
2453263.62892 18.868 0.066 5.49 655.0
2453264.50589 18.949 0.068 4.69 783.0
2453266.49131 18.941 0.091 6.08 800.0
2453268.52670 18.821 0.059 4.26 784.0
2453270.55802 18.890 0.121 5.33 2251.0
2453273.58002 19.029 0.106 5.78 1034.0
2453277.56680 19.165 0.101 4.74 1049.0
2453279.56138 18.843 0.080 6.06 768.0
2453285.48437 18.921 0.120 5.62 1910.0
2453287.48561 18.912 0.087 6.25 905.0
2453291.54411 18.819 0.075 7.05 516.0
2453431.88373 18.814 0.045 3.65 663.0
2453438.88190 18.766 0.058 5.62 591.0
2453444.81855 18.977 0.045 3.45 575.0
2453446.84351 18.900 0.064 5.63 560.0
2453448.87314 18.841 0.045 4.03 552.0
2453450.91220 18.976 0.058 4.50 545.0
2453454.81906 18.706 0.069 5.52 982.0
2453456.82668 18.867 0.050 3.54 832.0
2453467.79008 19.151 0.085 6.26 507.0
2453469.90052 18.893 0.043 3.39 583.0
2453471.77723 19.004 0.092 7.08 615.0
2453473.93121 18.843 0.089 4.77 1549.0
2453477.89043 18.892 0.049 3.82 540.0
2453480.68925 19.028 0.054 4.47 556.0
2453483.68411 18.740 0.049 3.85 928.0
2453496.88802 18.780 0.066 5.36 819.0
2453497.65132 19.013 0.085 5.86 771.0
2453499.69366 18.882 0.047 4.23 524.0
2453500.88024 18.907 0.050 3.84 679.0
2453501.68520 18.908 0.067 5.62 692.0
2453502.84215 18.985 0.055 3.73 688.0
2453503.84379 18.889 0.053 4.29 582.0
2453504.67960 18.890 0.055 4.54 529.0
2453508.69371 18.856 0.071 5.91 683.0
2453509.83168 18.911 0.049 4.08 587.0
2453511.71681 18.897 0.057 4.40 683.0
2453512.66794 18.972 0.072 5.02 824.0
2453520.56815 18.925 0.074 5.41 927.0
2453521.81892 18.899 0.057 3.89 764.0
2453522.81445 18.976 0.065 4.60 658.0
2453523.63746 18.956 0.056 4.67 497.0
2453524.62161 18.907 0.049 4.28 483.0
2453525.85300 18.850 0.053 4.34 613.0
2453526.88611 19.026 0.062 4.18 686.0
2453527.79925 18.973 0.064 4.97 593.0
2453528.62962 18.944 0.051 4.03 520.0
2453529.58686 19.166 0.060 3.72 579.0
2453530.72141 18.940 0.041 3.18 529.0
2453538.78967 18.960 0.049 3.95 597.0
2453544.68977 18.884 0.098 4.17 2330.0
2453547.72862 18.916 0.071 5.86 581.0
2453550.70435 18.831 0.039 3.51 520.0
2453551.81687 19.106 0.073 5.20 582.0
2453553.61961 18.981 0.069 5.46 562.0
2453554.57507 19.050 0.096 6.45 730.0
2453556.58362 18.963 0.061 5.04 576.0
2453558.55349 18.943 0.060 4.56 662.0
2453559.77008 18.877 0.047 3.99 522.0
2453560.74209 18.936 0.054 4.39 492.0
2453561.70269 18.796 0.040 3.69 533.0
2453562.76630 18.970 0.050 3.70 584.0
2453563.51575 18.873 0.060 5.08 584.0
2453564.71950 19.008 0.076 6.58 438.0
2453569.80314 18.861 0.082 5.06 1143.0
2453573.50243 18.755 0.094 7.21 948.0
2453574.56492 18.932 0.058 4.29 629.0
2453574.72630 18.817 0.056 4.38 767.0
2453575.55339 18.702 0.036 3.23 588.0
2453576.51164 18.778 0.050 4.75 591.0
2453577.56402 18.968 0.052 4.32 492.0
2453578.53738 18.843 0.040 3.92 413.0
2453579.49574 18.793 0.042 4.06 510.0
2453580.51142 18.950 0.052 4.27 576.0
2453581.54114 18.970 0.056 4.06 608.0
2453582.49993 18.926 0.055 4.29 615.0
2453583.53962 19.160 0.068 4.39 570.0
2453584.52576 18.957 0.051 4.40 483.0
2453585.51635 18.869 0.047 4.13 574.0
2453586.57467 18.897 0.047 3.78 502.0
2453587.63075 18.866 0.064 5.71 537.0
2453589.52603 18.847 0.044 3.62 536.0
2453590.50608 18.958 0.051 4.06 540.0
2453591.55098 19.072 0.049 3.23 538.0
2453592.51737 18.816 0.047 3.86 626.0
2453593.61289 18.855 0.053 4.69 530.0
2453594.54825 18.929 0.046 4.36 509.0
2453600.54509 18.852 0.107 4.71 2392.0
2453601.47743 18.795 0.055 3.73 1016.0
2453602.50246 18.626 0.062 5.37 848.0
2453603.49645 18.897 0.069 5.66 594.0
2453607.51261 18.908 0.050 3.89 623.0
2453608.50418 19.000 0.084 6.55 586.0
2453617.55769 18.878 0.059 5.17 599.0
2453620.66137 18.808 0.048 4.48 539.0
2453629.64571 19.188 0.121 5.88 1126.0
2453632.53197 18.823 0.069 5.01 860.0
2453634.59524 18.761 0.054 4.89 658.0
2453640.57568 18.983 0.061 4.92 558.0
2453646.50323 18.990 0.082 6.09 712.0
2453651.49486 18.890 0.077 4.90 977.0
2453653.52272 18.828 0.084 4.18 1629.0
2453773.87919 18.954 0.079 5.33 824.0
2453779.88442 18.851 0.069 4.69 998.0
2453786.83554 18.887 0.067 4.59 921.0
2453790.83076 18.893 0.066 4.07 1071.0
2453793.82076 18.818 0.053 4.05 865.0
2453795.81044 18.920 0.066 4.83 773.0
2453797.80570 18.815 0.051 3.78 850.0
2453798.85386 18.800 0.048 4.29 606.0
2453800.90101 18.888 0.061 4.63 699.0
2453802.89475 18.932 0.058 4.50 619.0
2453804.80927 19.042 0.070 5.11 555.0
2453805.84668 18.788 0.055 4.64 648.0
2453806.84325 18.907 0.055 4.33 686.0
2453808.81638 18.869 0.054 3.85 844.0
2453809.82004 18.986 0.054 3.48 864.0
2453810.86807 18.882 0.059 4.09 872.0
2453811.89530 18.887 0.056 4.44 630.0
2453813.88100 18.928 0.058 4.02 756.0
2453814.87851 18.733 0.050 4.16 764.0
2453818.78832 18.874 0.047 3.69 666.0
2453819.85206 18.938 0.044 3.64 536.0
2453820.81576 18.903 0.044 3.70 508.0
2453821.82004 18.873 0.047 3.86 543.0
2453822.86647 18.835 0.049 4.13 594.0
2453823.83020 18.916 0.042 3.46 512.0
2453824.83191 18.973 0.074 5.56 634.0
2453825.85369 18.840 0.054 4.60 609.0
2453826.83165 18.883 0.055 4.73 575.0
2453827.85453 18.990 0.049 4.11 484.0
2453828.83008 18.976 0.067 5.45 529.0
2453829.80825 19.001 0.052 3.79 533.0
2453830.78917 18.849 0.050 3.78 660.0
2453830.79791 18.865 0.052 3.83 659.0
2453832.79224 18.910 0.052 4.26 533.0
2453832.82845 18.783 0.042 3.88 538.0
2453833.69883 18.825 0.051 4.41 676.0
2453834.84081 19.016 0.052 3.84 556.0
2453835.79122 18.895 0.045 3.66 577.0
2453836.78930 18.845 0.054 4.06 748.0
2453837.78619 18.927 0.052 3.60 695.0
2453838.79036 18.940 0.072 5.03 755.0
2453839.78631 18.780 0.049 3.77 835.0
2453840.79341 18.909 0.062 4.28 831.0
2453841.77150 18.915 0.056 3.75 879.0
2453845.76930 19.006 0.075 5.34 643.0
2453846.77693 19.051 0.056 3.82 574.0
2453847.85257 18.975 0.057 3.92 658.0
2453848.80055 18.882 0.051 4.14 587.0
2453849.80296 18.934 0.055 4.11 604.0
2453850.74663 18.933 0.055 4.11 601.0
2453851.75653 18.863 0.052 4.57 523.0
2453852.74503 18.894 0.066 5.50 601.0
2453853.73779 18.929 0.037 3.12 472.0
2453856.72668 18.886 0.052 3.56 677.0
2453858.78685 18.962 0.061 5.17 499.0
2453859.68404 18.973 0.068 5.56 535.0
2453860.87697 19.109 0.092 5.77 777.0
2453861.71883 18.837 0.052 4.37 610.0
2453862.73225 18.952 0.051 3.60 676.0
2453863.74389 18.917 0.046 3.56 603.0
2453864.73704 18.831 0.043 3.38 598.0
2453865.62242 18.856 0.055 3.95 872.0
2453866.62265 18.919 0.061 4.11 929.0
2453867.77533 18.964 0.064 4.09 840.0
2453867.80405 18.885 0.060 3.97 871.0
2453868.62189 18.998 0.077 4.14 1292.0
2453869.78731 18.895 0.076 4.18 1235.0
2453873.60860 19.130 0.078 4.95 665.0
2453874.83101 18.870 0.054 4.40 625.0
2453875.60323 18.900 0.049 4.18 555.0
2453876.71104 19.086 0.054 4.00 522.0
2453877.59781 18.894 0.051 4.85 538.0
2453880.70113 19.013 0.057 4.36 546.0
2453881.70933 18.840 0.046 3.74 619.0
2453882.64433 18.867 0.045 3.76 541.0
2453883.69693 18.809 0.042 3.81 532.0
2453886.65570 18.833 0.051 4.83 527.0
2453887.65128 18.929 0.049 3.99 527.0
2453889.80594 18.917 0.054 4.27 612.0
2453890.59658 18.905 0.059 4.45 703.0
2453891.72933 18.803 0.051 4.66 573.0
2453892.78218 18.819 0.049 4.39 590.0
2453893.68030 18.978 0.065 5.06 547.0
2453894.72780 18.725 0.054 5.21 557.0
2453896.67008 19.027 0.085 5.15 921.0
2453900.58053 18.985 0.069 4.51 832.0
2453901.60074 18.938 0.065 4.75 673.0
2453902.61534 18.924 0.048 3.70 643.0
2453903.71113 18.887 0.057 4.37 659.0
2453904.59834 18.819 0.043 3.90 554.0
2453905.59861 18.912 0.045 3.45 552.0
2453906.58669 18.893 0.059 4.48 651.0
2453907.64351 18.864 0.075 6.65 566.0
2453908.57664 19.034 0.058 3.23 854.0
2453909.58271 18.849 0.041 3.55 512.0
2453910.63791 18.929 0.056 4.50 547.0
2453912.58412 18.815 0.039 3.24 613.0
2453913.58165 18.788 0.041 4.27 523.0
2453914.59958 18.847 0.050 4.18 603.0
2453915.57949 18.882 0.044 3.63 552.0
2453916.63070 18.963 0.064 5.02 600.0
2453917.67115 18.913 0.059 4.77 612.0
2453918.66978 18.906 0.048 3.68 560.0
2453919.61097 18.805 0.053 4.59 554.0
2453920.56294 19.041 0.059 4.16 572.0
2453920.84051 19.092 0.065 3.88 768.0
2453921.57503 18.987 0.087 5.55 797.0
2453930.61589 18.748 0.052 4.09 793.0
2453931.56105 18.965 0.072 5.06 710.0
2453931.69865 18.806 0.052 4.87 565.0
2453932.65153 19.152 0.072 4.46 631.0
2453933.56519 19.074 0.052 3.38 617.0
2453934.53588 18.847 0.051 3.91 665.0
2453935.61405 18.880 0.045 3.90 500.0
2453936.53638 18.956 0.058 4.36 601.0
2453937.61198 18.973 0.058 4.41 553.0
2453938.54502 19.174 0.086 5.17 625.0
2453940.68106 18.877 0.042 3.92 451.0
2453944.61606 19.080 0.062 4.84 510.0
2453945.56643 19.003 0.056 4.10 597.0
2453946.56363 18.719 0.051 4.74 606.0
2453950.56713 18.824 0.048 4.55 519.0
2453951.57584 18.812 0.065 5.40 674.0
2453956.61296 19.131 0.088 4.74 895.0
2453957.55058 18.877 0.066 5.37 700.0
2453958.62304 19.008 0.075 4.58 868.0
2453959.56325 18.838 0.056 4.76 627.0
2453960.54095 18.736 0.042 4.16 511.0
2453961.61614 18.887 0.084 6.27 722.0
2453963.58609 19.121 0.059 4.19 518.0
2453964.57584 18.827 0.045 4.14 500.0
2453965.56941 18.925 0.046 3.86 481.0
2453966.55730 18.790 0.046 3.77 567.0
2453967.58975 18.910 0.066 5.55 568.0
2453968.54387 19.163 0.087 5.74 634.0
2453969.55125 18.973 0.051 4.03 520.0
2453970.55613 18.829 0.056 5.28 492.0
2453971.59617 18.665 0.058 5.77 535.0
2453973.62590 19.002 0.057 4.69 480.0
2453974.55827 18.775 0.073 6.77 560.0
2453975.55325 18.905 0.053 4.53 565.0
2453976.55078 18.954 0.052 4.22 550.0
2453979.56543 18.875 0.068 5.59 640.0
2453982.48440 18.795 0.114 5.91 1717.0
2453986.62736 19.142 0.096 5.44 827.0
2453987.54735 18.733 0.050 4.16 748.0
2453988.56027 18.998 0.049 3.68 581.0
2453989.63005 18.921 0.079 5.60 772.0
2453991.52306 19.004 0.083 6.47 595.0
2453994.59164 19.043 0.076 5.16 622.0
2453995.61932 18.896 0.048 4.12 524.0
2453999.52581 18.694 0.056 5.18 575.0
2454001.54919 18.992 0.065 4.21 724.0
2454002.54589 19.171 0.064 4.07 541.0
2454004.56878 19.015 0.091 6.30 691.0
2454005.58425 18.964 0.064 4.52 672.0
2454006.56993 18.863 0.052 4.17 620.0
2454011.48694 18.657 0.057 5.27 758.0
2454012.57382 18.774 0.083 6.46 846.0
2454015.51357 18.836 0.083 5.75 891.0
2454017.48818 18.747 0.057 4.54 822.0
2454019.49245 18.903 0.075 5.79 698.0
2454021.48883 19.058 0.112 5.84 1030.0
2454024.52798 19.005 0.065 4.42 705.0
2454026.52352 18.834 0.060 5.16 662.0
2454028.53962 18.829 0.065 4.94 749.0
2454031.53955 19.154 0.113 6.33 793.0
2454145.87907 18.860 0.099 6.55 1123.0
2454151.83858 18.814 0.063 5.43 698.0
2454154.84819 18.859 0.057 4.25 741.0
2454157.81848 18.792 0.062 5.00 859.0
2454159.83484 18.857 0.065 4.86 845.0
2454161.88846 18.917 0.075 5.41 880.0
2454163.90439 18.956 0.069 3.60 1325.0
2454166.83685 18.892 0.104 6.16 1292.0
2454168.87175 18.799 0.065 4.22 990.0
2454170.88883 18.862 0.067 4.38 1085.0
2454175.89703 18.909 0.061 4.89 679.0
2454177.79870 18.783 0.057 5.05 642.0
2454178.85198 19.059 0.070 4.78 676.0
2454179.89174 18.878 0.059 4.23 721.0
2454181.82852 18.881 0.052 4.14 636.0
2454182.87689 18.889 0.051 4.06 629.0
2454183.90918 18.931 0.063 4.34 813.0
2454184.76821 18.889 0.051 4.04 629.0
2454185.88682 18.911 0.070 5.65 645.0
2454190.76976 18.757 0.062 5.21 812.0
2454191.87312 18.874 0.082 6.13 803.0
2454192.79175 18.880 0.073 5.10 887.0
2454193.81015 18.873 0.063 4.62 912.0
2454194.83169 18.850 0.053 3.99 765.0
2454196.82019 18.968 0.065 4.38 824.0
2454202.80168 18.901 0.053 4.27 713.0
2454203.78978 18.858 0.053 4.29 676.0
2454204.78188 18.876 0.055 4.46 649.0
2454205.78023 18.869 0.048 4.11 566.0
2454207.77665 18.974 0.062 4.59 655.0
2454208.77361 18.779 0.050 4.41 652.0
2454211.83673 18.784 0.054 5.06 554.0
2454213.78085 18.949 0.057 4.13 657.0
2454215.78733 18.948 0.067 5.27 652.0
2454216.74508 18.815 0.050 4.24 641.0
2454217.75267 18.901 0.047 3.62 642.0
2454218.80464 18.920 0.078 5.95 700.0
2454219.82749 19.033 0.081 5.51 708.0
2454220.76275 18.918 0.061 4.51 737.0
2454222.73139 18.938 0.068 4.22 1017.0
2454224.83376 18.981 0.084 4.24 1323.0
2454228.73216 18.919 0.090 4.25 1830.0
2454229.71647 19.050 0.079 5.42 707.0
2454230.70631 18.945 0.063 4.37 652.0
2454231.68858 18.880 0.052 4.35 669.0
2454232.70080 18.994 0.080 5.44 822.0
2454233.88192 19.126 0.097 5.19 972.0
2454234.86491 18.927 0.063 4.51 741.0
2454235.66237 18.928 0.061 4.17 788.0
2454235.93662 19.139 0.099 4.60 1133.0
2454238.73195 18.789 0.054 4.60 705.0
2454239.68256 18.896 0.056 4.59 633.0
2454240.72893 18.916 0.054 3.94 715.0
2454242.66187 18.886 0.087 6.56 773.0
2454244.65991 18.867 0.064 4.88 761.0
2454245.65324 18.909 0.060 4.86 621.0
2454246.71203 18.856 0.061 4.91 695.0
2454247.73584 18.924 0.057 4.10 722.0
2454250.77592 18.925 0.080 4.88 1077.0
2454256.56882 18.826 0.082 5.61 1165.0
2454258.57589 19.006 0.095 6.69 740.0
2454267.54540 18.947 0.077 5.48 800.0
2454268.78157 18.839 0.056 4.42 710.0
2454269.52844 18.806 0.089 6.27 1031.0
2454272.55184 18.763 0.053 3.89 1014.0
2454273.75041 18.787 0.055 4.21 839.0
2454274.60985 18.875 0.069 4.72 931.0
2454275.64268 18.853 0.070 5.25 799.0
2454276.73505 18.863 0.078 5.71 840.0
2454277.65845 18.871 0.056 3.95 763.0
2454278.61587 18.876 0.074 5.49 828.0
2454283.55347 18.775 0.064 4.09 1122.0
2454284.54528 18.914 0.072 4.23 990.0
2454285.54871 19.061 0.082 4.21 869.0
2454286.54823 19.115 0.117 5.86 1065.0
2454289.56204 18.767 0.066 5.45 760.0
2454290.60553 18.946 0.078 6.11 602.0
2454291.66589 18.851 0.053 4.43 594.0
2454292.53063 18.819 0.047 3.62 731.0
2454293.53687 18.755 0.049 4.51 623.0
2454294.52993 18.865 0.062 4.58 787.0
2454295.54420 18.944 0.061 4.81 617.0
2454295.79778 18.896 0.058 4.90 588.0
2454296.53437 18.869 0.058 4.74 628.0
2454297.65797 18.888 0.052 4.26 543.0
2454298.49714 18.845 0.069 5.77 748.0
2454299.47843 18.903 0.063 4.46 785.0
2454300.57563 18.857 0.057 4.60 590.0
2454301.75686 18.767 0.048 3.96 637.0
2454302.71313 18.955 0.064 4.78 569.0
2454303.72140 19.018 0.073 5.30 575.0
2454304.49239 18.993 0.115 5.95 1358.0
2454307.69269 18.856 0.072 4.14 1113.0
2454310.65953 18.876 0.098 5.48 1294.0
2454312.56821 18.859 0.072 4.31 1126.0
2454315.57561 18.789 0.057 4.53 742.0
2454316.65838 18.939 0.066 5.15 654.0
2454317.58220 18.823 0.059 5.14 606.0
2454319.55903 18.846 0.062 4.85 701.0
2454320.64579 18.974 0.063 4.58 587.0
2454326.57700 18.966 0.061 4.70 637.0
2454327.53464 18.891 0.078 6.09 660.0
2454328.54038 18.871 0.053 4.03 673.0
2454329.47781 19.020 0.080 5.08 824.0
2454330.54640 18.885 0.053 4.27 591.0
2454331.54213 18.886 0.060 4.94 609.0
2454332.55612 18.982 0.060 4.36 654.0
2454333.47714 18.806 0.076 4.92 1102.0
2454338.54383 18.928 0.084 5.27 1061.0
2454339.53997 18.831 0.057 3.88 1003.0
2454340.47850 18.945 0.100 5.58 1245.0
2454341.54440 18.962 0.081 4.99 900.0
2454342.58047 18.895 0.064 4.32 793.0
2454343.56003 18.910 0.052 3.52 784.0
2454344.59010 18.911 0.064 3.99 782.0
2454345.55622 18.911 0.054 3.67 773.0
2454346.56179 18.818 0.078 5.98 821.0
2454347.57572 18.924 0.068 5.14 667.0
2454349.54444 18.971 0.056 4.16 572.0
2454350.60222 18.846 0.055 4.34 675.0
2454351.54973 18.836 0.054 4.28 656.0
2454353.56624 18.842 0.063 4.50 879.0
2454354.58559 18.979 0.071 5.13 711.0
2454355.60198 18.918 0.075 5.35 794.0
2454356.55053 18.948 0.069 4.90 704.0
2454358.56974 18.940 0.071 5.17 733.0
2454361.59586 18.965 0.096 5.75 1014.0
2454367.56005 18.952 0.078 4.74 1063.0
2454371.55921 18.859 0.061 3.91 1014.0
2454377.52469 19.015 0.072 4.54 830.0
2454380.60415 18.762 0.061 4.46 927.0
2454393.57199 18.826 0.066 4.36 989.0
2454505.86200 18.848 0.068 5.36 806.0
2454508.85415 18.764 0.050 4.73 683.0
2454511.89150 18.801 0.059 3.75 1112.0
2454514.85230 18.775 0.056 4.66 749.0
2454518.84192 18.775 0.069 5.22 967.0
2454521.87381 18.680 0.055 4.53 856.0
2454523.81467 18.620 0.066 5.41 1080.0
2454525.80674 18.501 0.064 4.17 2734.0
2454531.82261 18.048 0.037 5.82 800.0
2454534.78115 17.766 0.030 6.32 764.0
2454536.86240 17.241 0.015 4.27 700.0
2454538.78391 16.558 0.010 4.65 797.0
2454539.89740 16.595 0.009 4.38 607.0
2454540.76817 16.898 0.012 4.09 800.0
2454541.86517 17.291 0.014 4.06 647.0
2454542.82863 17.516 0.023 6.35 655.0
2454543.91674 17.784 0.033 4.35 1762.0
2454544.91412 17.873 0.029 4.18 1208.0
2454545.90077 18.065 0.029 4.57 675.0
2454546.81505 18.256 0.041 5.07 849.0
2454547.84605 18.170 0.035 4.78 894.0
2454548.91185 18.338 0.055 5.89 1007.0
2454550.90764 18.432 0.044 4.49 835.0
2454551.82778 18.354 0.041 4.26 850.0
2454556.80036 18.659 0.040 4.11 588.0
2454557.82338 18.779 0.059 5.53 640.0
2454558.79203 18.654 0.041 4.28 582.0
2454559.79059 18.749 0.048 4.58 548.0
2454560.79100 18.687 0.048 5.03 546.0
2454561.77992 18.819 0.045 3.77 596.0
2454564.78409 18.719 0.043 4.39 549.0
2454565.76867 18.726 0.041 4.02 595.0
2454566.76952 18.841 0.055 5.21 603.0
2454567.76848 18.850 0.055 4.88 604.0
2454568.79189 18.754 0.046 4.09 651.0
2454569.78772 18.674 0.048 5.26 588.0
2454570.77808 18.924 0.059 5.02 560.0
2454571.76876 18.850 0.066 5.61 660.0
2454572.79194 18.887 0.059 4.49 773.0
2454573.77958 18.864 0.048 3.79 690.0
2454574.78193 18.847 0.069 5.26 806.0
2454575.79071 18.979 0.073 4.66 833.0
2454577.87967 19.047 0.078 4.31 957.0
2454578.83330 18.879 0.081 5.67 926.0
2454583.78547 18.854 0.095 4.62 1945.0
2454585.69647 18.803 0.068 6.12 677.0
2454586.90152 18.979 0.071 4.66 849.0
2454587.65458 18.853 0.075 5.84 790.0
2454588.63451 18.780 0.059 5.08 806.0
2454589.79823 18.879 0.061 4.85 622.0
2454590.63533 18.931 0.096 6.60 814.0
2454591.79424 18.928 0.055 3.99 712.0
2454592.70591 18.771 0.057 4.67 894.0
2454593.69495 18.901 0.060 4.62 685.0
2454594.71623 18.967 0.069 5.39 683.0
2454595.70854 18.757 0.050 4.71 600.0
2454596.70053 18.831 0.057 5.08 627.0
2454597.72521 18.966 0.068 5.26 661.0
2454598.70125 18.861 0.044 3.93 505.0
2454599.67378 18.912 0.060 4.46 662.0
2454600.68614 18.913 0.050 4.09 588.0
2454601.68882 18.957 0.054 4.07 617.0
2454602.68118 18.827 0.049 3.81 748.0
2454603.90419 18.855 0.056 4.41 674.0
2454606.68913 18.800 0.054 3.65 1111.0
2454610.79246 18.939 0.103 3.71 2822.0
2454611.66809 18.854 0.059 4.15 761.0
2454611.85896 18.857 0.060 3.98 958.0
2454612.69251 18.856 0.059 4.02 934.0
2454615.83505 18.855 0.066 5.22 752.0
2454616.65094 18.885 0.054 4.50 593.0
2454617.75064 18.842 0.056 4.62 650.0
2454618.69187 18.846 0.053 4.44 651.0
2454622.85064 18.893 0.071 5.11 768.0
2454623.71224 18.875 0.054 4.49 617.0
2454624.63381 18.908 0.082 6.12 747.0
2454625.55441 18.869 0.082 6.39 770.0
2454626.66904 18.765 0.069 6.60 600.0
2454627.60797 18.813 0.060 5.08 630.0
2454628.60997 18.867 0.066 5.50 662.0
2454629.67470 18.890 0.049 3.87 561.0
2454630.60821 18.830 0.051 4.11 669.0
2454631.63319 18.831 0.049 4.25 613.0
2454632.62000 18.889 0.057 4.52 721.0
2454633.61356 18.824 0.062 4.54 859.0
2454638.79747 18.873 0.061 4.10 877.0
2454639.61854 18.831 0.060 4.31 904.0
2454640.63542 18.836 0.062 5.21 632.0
2454641.71792 19.004 0.064 4.63 670.0
2454642.63401 18.883 0.055 4.65 587.0
2454643.60015 18.849 0.064 5.64 613.0
2454644.66151 18.776 0.064 5.87 593.0
2454645.57394 18.874 0.074 5.45 799.0
2454646.57047 18.884 0.051 3.82 693.0
2454647.56410 19.003 0.077 4.60 906.0
2454648.56851 18.882 0.064 4.16 765.0
2454649.57062 18.931 0.064 4.86 659.0
2454650.60331 18.894 0.065 4.83 769.0
2454651.57480 18.955 0.065 4.24 781.0
2454652.54761 18.906 0.073 4.77 959.0
2454653.54155 18.980 0.093 6.23 877.0
2454654.58075 18.953 0.072 5.33 714.0
2454655.54140 18.837 0.067 4.80 957.0
2454656.54335 18.861 0.063 4.51 774.0
2454658.70205 18.918 0.086 6.13 770.0
2454660.65477 18.825 0.057 4.51 805.0
2454661.53143 18.843 0.059 3.74 1153.0
2454665.69917 18.787 0.067 3.82 1445.0
2454666.60447 18.797 0.063 4.25 1059.0
2454670.66938 18.733 0.056 5.21 665.0
2454671.71659 18.997 0.070 5.21 627.0
2454672.55033 18.804 0.047 4.00 623.0
2454674.55623 18.896 0.064 4.81 671.0
2454677.53288 18.886 0.065 5.08 706.0
2454678.64909 18.928 0.053 4.09 545.0
2454681.47894 18.914 0.059 4.10 780.0
2454682.52256 18.828 0.055 4.19 690.0
2454683.56107 18.919 0.071 5.23 734.0
2454684.58033 18.858 0.059 4.12 755.0
2454685.54476 18.934 0.067 4.66 719.0
2454686.54573 18.970 0.068 4.72 712.0
2454687.54573 18.976 0.069 4.82 658.0
2454688.53897 18.912 0.062 4.34 713.0
2454694.48887 18.796 0.089 6.68 915.0
2454697.54255 18.976 0.072 5.24 684.0
2454698.55143 18.844 0.049 3.98 634.0
2454699.56323 18.903 0.075 5.31 753.0
2454700.56400 19.042 0.068 4.40 684.0
2454701.54690 18.884 0.069 5.33 718.0
2454702.56180 18.930 0.065 5.29 611.0
2454703.62917 18.993 0.076 5.71 634.0
2454705.61313 18.905 0.067 5.05 677.0
2454707.65832 18.963 0.071 5.34 647.0
2454709.55709 18.944 0.087 5.88 746.0
2454710.59766 18.639 0.053 4.92 754.0
2454716.62992 18.959 0.106 6.27 1132.0
2454721.54784 19.003 0.103 6.02 978.0
2454724.55473 18.810 0.065 4.41 995.0
2454725.58231 18.816 0.081 5.24 1121.0
2454730.61681 18.843 0.069 5.29 780.0
2454734.59850 18.766 0.060 6.51 538.0
2454739.52949 19.047 0.089 5.87 763.0
2454743.59102 19.021 0.099 6.17 756.0
2454748.53462 18.818 0.088 6.03 995.0
2454754.50997 18.769 0.073 4.50 1237.0
2454758.55514 18.953 0.093 5.30 1024.0
2454874.86890 18.764 0.062 5.07 910.0
2454878.82894 18.743 0.081 5.51 1291.0
2454884.89598 18.941 0.069 5.16 869.0
